RA,Dec,redshift,rmag,set_id
36.850750000000005,-4.0056238,1.7588319778442385,20.219457626342773,1
35.619236,-4.7168841,1.6818767786026,0.0,1
36.06572173880519,-4.23800848100495,1.6636693826778888,21.59584045410156,1
36.052775999999994,-4.3594703,1.2297202348709106,21.35271453857422,1
35.332995015695865,-4.9968777546524885,1.7731832257645443,20.5660400390625,1
35.64661000000001,-5.5329389,1.851508378982544,21.388227462768555,1
36.19239573069218,-5.1410315770975465,1.3569823921789337,18.23993492126465,1
36.94647600000002,-4.755537,1.8055557012557983,21.715518951416016,1
35.66634511483129,-4.748183818936281,1.1885524533773786,20.528762817382812,1
36.13817638721534,-4.008541914915519,1.386485718319416,21.97747802734375,1
36.35425942590591,-4.677916389178671,1.8433081894936985,21.99254989624023,1
36.52702339840916,-3.823272490457053,1.9302529228242968,21.18172264099121,1
36.086540000000014,-5.4693189,1.5807799100875854,22.61376190185547,1
35.29261921038589,-4.503321445071313,1.8158200063988112,22.835037231445312,1
35.91403806274169,-3.5424861661160656,1.0066083423786771,21.27269744873047,1
35.65943469184678,-4.300951751565743,1.4225328747932942,21.978628158569336,1
36.42794525699341,-4.044478684641903,1.197263546662244,21.383806228637695,1
36.828563909903075,-4.526117028345755,1.5052499140767988,21.032325744628903,1
35.961591781985064,-4.532854630295508,1.5051640719442976,19.3098087310791,1
35.70773600000001,-4.7477424,1.2473088502883911,21.913042068481445,1
36.82350482238526,-4.944923824128688,1.2691352951076549,22.498756408691406,1
35.96291600000001,-5.6306479,1.3452003002166748,18.595069885253903,1
35.677265980768105,-4.505159194643906,1.1671799787737782,20.32506942749023,1
35.66496202128467,-4.622884988411431,1.6802185998469867,21.788942337036133,1
36.5230951280031,-4.818482608556564,1.5349835657119184,22.90254592895508,1
35.580906599549394,-5.209655196051644,1.0140087396887263,21.816753387451172,1
36.257087179957054,-4.131761861190941,1.1576339886655682,19.29050636291504,1
35.39436888431639,-4.536230763740046,1.4130557855151076,21.813879013061523,1
35.771830614528746,-5.324541476035909,1.2090598425417434,21.17619514465332,1
36.20287711063572,-4.935282328845462,1.6540555046947576,20.689228057861328,1
35.788798328325974,-4.636337892871725,1.9443443121419135,22.194915771484375,1
36.975413,-4.4047961,1.826908588409424,22.30159568786621,1
35.67534785337748,-3.868777057132867,1.600737835173689,21.030780792236328,1
36.357598,-4.249052,1.0410425662994385,22.02971076965332,1
35.93481626903417,-4.877155170630399,1.1981496411615642,22.05217170715332,1
36.81491454743545,-5.040782486767879,1.380832632775395,21.497360229492188,1
35.64244243939055,-4.397433307107551,1.416943997149028,21.43369483947754,1
36.4949760006546,-5.212451833819667,1.984909571267689,21.15757179260254,1
35.943150699542066,-5.128449592528446,1.0612932276123923,21.93182373046875,1
36.82944226407586,-5.185397548055632,1.5448624729929747,22.02436637878418,1
36.588142000000005,-4.8804304,1.171273112297058,21.88912582397461,1
35.65045784122634,-4.552200961468083,1.2166746302458151,21.24658966064453,1
36.20122864765047,-5.3500447689190125,1.0368705929326876,20.632810592651367,1
36.131600209024676,-5.277051207535139,1.403793686110708,21.021099090576172,1
35.936301934815106,-3.801344788353756,1.9048625012172788,22.331262588500977,1
36.03288204440594,-3.909228272534155,1.8547634046203496,22.49750709533691,1
36.708111728174025,-5.28042233989342,1.891179561368601,22.4971981048584,1
36.79100735226115,-4.650708028984908,1.949200656592252,22.63715934753418,1
36.09875694877776,-5.147388532394,1.825323385588308,22.7442626953125,1
35.35874005998113,-4.280609657826725,1.7067692642304244,18.72234535217285,1
36.5312104535537,-4.093612615651956,1.9508399559211915,21.100727081298828,1
36.530545524234626,-5.1122968649065506,1.6309590429134304,22.585613250732425,1
35.78839099999999,-4.0191678,1.7216732501983645,21.91412925720215,1
36.319213925751974,-4.0866809059240845,1.6334423601390355,20.54253196716309,1
36.62638421779263,-4.282851881088064,1.4973900330281988,21.88693046569824,1
35.3978085257124,-4.045753767633311,1.8522165908914112,22.10661506652832,1
35.660282007200784,-3.7173243457066127,1.4716764143686414,20.61301040649414,1
35.64211704747199,-3.8931676366687498,1.3230759209187226,22.294265747070312,1
35.04707033883345,-4.420049117856917,1.3139518532716203,20.526744842529297,1
36.21243099999998,-4.4841531,1.539137840270996,21.9605712890625,1
35.35224291795696,-5.03482218219588,1.412701170817506,18.824132919311523,1
36.345772591138065,-5.6208832934712785,1.209918202222897,21.09412956237793,1
36.61420499999997,-4.9530789,1.9388554096221924,22.459375381469727,1
36.32470598855477,-5.361826885701329,1.337442670587438,21.717817306518555,1
36.561185670548355,-3.893931705326539,1.635033597173262,22.623573303222656,1
37.06289785965152,-4.328542789521121,1.3922714512516765,19.584468841552734,1
35.47553323159646,-4.310979875312356,1.705718366558564,20.82549285888672,1
35.3861115574186,-3.733575444181059,1.6060800165277855,19.67952537536621,1
35.66135781500007,-5.558876297194058,1.7966925562061749,22.58336639404297,1
35.068922382920746,-4.535904235358201,1.6233892168649429,20.980981826782227,1
36.40323027925566,-4.479244642225363,1.8623206857218817,22.239477157592773,1
36.888276361879456,-4.558642445315083,1.7708048744954323,21.875709533691406,1
36.36473198436894,-3.998512975551692,1.6912732509299917,22.120145797729492,1
34.92429924568685,-4.467758894908407,1.0523481726942194,21.408815383911133,1
35.787568439854354,-4.292315661362844,1.4956694195807108,21.74849510192871,1
35.290190089979895,-4.826889253257571,1.2288089865985825,21.999914169311523,1
36.4253799437373,-4.364108770999377,1.4056350313272274,22.577075958251953,1
35.674179759165376,-3.5298142984648746,1.1748899133925643,22.077373504638672,1
36.30183653348118,-4.754656353432996,1.1153491423589843,22.03292655944824,1
35.735265775605036,-5.348666338066037,1.3532913001724034,20.277801513671875,1
35.859450284760705,-3.636451199260994,1.478451818118403,20.725515365600582,1
35.518053604388165,-4.0429115665505115,1.949720990808436,19.884185791015625,1
35.60367093817111,-4.025006861258253,1.3929345076726454,22.041046142578125,1
35.33638300000001,-5.2049952,1.0046374797821045,19.97672462463379,1
36.766904058279536,-4.286322893518799,1.3612073641374278,21.451461791992188,1
36.87553566285778,-4.662793556787579,1.8539408189555573,22.5534610748291,1
35.82916599999999,-5.5644841,1.119874119758606,20.2130069732666,1
35.71834934007396,-5.516272746332206,1.7630832262749194,23.289644241333008,1
35.231009401880435,-4.748965425637671,1.127335787262049,21.069169998168945,1
35.52158580013497,-4.85243765099026,1.8176540134388464,22.691837310791016,1
36.32594007469233,-3.6162517184537375,1.5683682225047006,22.2189884185791,1
35.24788466192009,-4.821439106856481,1.5473863268249215,18.231613159179688,1
35.290190089979895,-4.826889253257571,1.2286513332729028,21.999914169311523,1
35.70677652835828,-4.231436831160613,1.5650112092259183,19.62849998474121,1
36.360494209206955,-4.051476401431692,1.2225445596781452,21.759937286376953,1
36.99358699999999,-4.1474562,1.96998131275177,22.012775421142575,1
35.956355792398156,-3.8563611901016257,1.5038952124620104,20.99390983581543,1
36.03288204440594,-3.909228272534155,1.854998615095962,22.49750709533691,1
35.979619000000014,-4.9222876,1.528969407081604,21.6865291595459,1
36.91667699999999,-4.3882865,1.7485785484313965,21.998659133911133,1
34.963554999999985,-4.5711858,1.912535309791565,21.52629280090332,1
36.30183653348118,-4.754656353432996,1.1145280838824632,22.03292655944824,1
36.483766,-4.7901519,1.0105769634246826,20.90032386779785,1
36.68441848703586,-4.6949486307143955,1.7050938999315188,23.04451560974121,1
35.94097066990803,-4.063523229045969,1.8742538225619632,21.539779663085938,1
35.81460879422258,-5.000361532232932,1.3260451031734537,21.881752014160156,1
35.658686856398745,-3.7183574431706607,1.0707923158381614,21.286380767822266,1
36.521691167062315,-5.447037103848581,1.573283968702638,22.071807861328125,1
36.58749399999999,-5.1795602,1.05188250541687,0.0,1
36.69581084787637,-4.310629397484345,1.5842054622996566,21.031827926635746,1
35.42340899999999,-5.3036718,1.2346042394638062,21.92905044555664,1
35.24701619635775,-4.655570022184608,1.2294829757458523,20.609865188598633,1
35.61025111710642,-5.582949155143621,1.7648117639469163,21.616727828979492,1
36.09153897359151,-3.998526690594552,1.9317885206437275,21.661867141723633,1
35.407917551412794,-5.226874417359338,1.1096430464087037,19.89383888244629,1
35.60083900000001,-3.7992758,1.687457799911499,19.753507614135746,1
35.77523541592149,-4.55664970471549,1.085999306276007,20.66196632385254,1
36.53857199999999,-4.6141345,1.8133273124694824,21.668737411499023,1
35.59549241477814,-4.578519232446763,1.5507132785093585,21.68877220153809,1
35.089597379188106,-5.05087502234562,1.1501583816447318,21.3961238861084,1
35.33859015854519,-4.009733646245086,1.6507420830362225,22.382335662841797,1
35.771830614528746,-5.324541476035909,1.2084980490367216,21.17619514465332,1
35.77218336430225,-4.812444488609514,1.7554595180444508,21.03061294555664,1
36.081484359267264,-4.7979805888310425,1.7437605571651584,22.335922241210938,1
36.69653263350259,-5.3602719443257865,1.276969132722565,21.33393669128418,1
36.289840756260105,-4.143988050814485,1.5587719088918883,19.997285842895508,1
36.797375413472174,-4.97090369223892,1.536215169659379,22.007970809936523,1
36.50878347229213,-5.515218999283952,1.564443312478777,19.996362686157227,1
36.04560439956597,-3.973648561799038,1.512305196174192,22.75550651550293,1
35.936301934815106,-3.801344788353756,1.9035455176463256,22.331262588500977,1
35.03640609491844,-4.984873701359693,1.654293059116794,20.106929779052734,1
35.49722673136386,-3.8403549289266254,1.2390518801002364,19.581157684326172,1
36.27252804460863,-5.660497348445037,1.621466955484092,22.29115867614746,1
36.43977836963459,-4.579351476172932,1.7022444438981912,21.04804801940918,1
35.10619533355711,-4.622651876859647,1.6961876009941408,22.13941192626953,1
36.49496799999997,-5.2124081,1.9865821599960327,22.575326919555664,1
36.2630140204104,-4.673750733957703,1.7451650954146058,21.66460418701172,1
36.60850725875975,-4.491182291619691,1.6261955219721955,23.000486373901367,1
35.925592808812674,-4.592944651003505,1.329018092893011,20.879789352416992,1
36.48349674773787,-4.539104137447814,1.695073836810771,21.17255401611328,1
35.4532068282133,-3.9398178706879072,1.0346033346045436,20.245630264282227,1
35.56452422757168,-4.726078276247011,1.234889549840531,22.168434143066406,1
36.31240178975598,-4.794974141931903,1.931241773280199,21.153711318969727,1
35.732328138259696,-5.304883305356689,1.7641302695489036,20.3292236328125,1
35.66135781500007,-5.558876297194058,1.796781251167257,22.58336639404297,1
36.2399261288868,-4.949902217145805,1.76879138116297,21.689123153686523,1
35.336399567972,-5.20499070865552,1.005563465182558,19.81920623779297,1
36.05130948980669,-3.559844831973805,1.163016052371405,21.04068374633789,1
35.772919033889046,-3.8352518413082657,1.7427623811481654,21.74125289916992,1
36.98760900000002,-4.0252402,1.911479115486145,21.41313743591309,1
36.82727677005786,-5.184136411700467,1.5396445919067396,22.608278274536133,1
35.16689819827693,-4.739147090843229,1.0457458087950755,20.766780853271484,1
35.940489364905055,-4.28425950065768,1.8843740306007772,22.77366065979004,1
35.346226683709055,-5.288217439110868,1.7047139976730898,23.781898498535156,1
36.365226736793545,-5.110867403516039,1.119306622705761,20.862106323242188,1
36.08370147001052,-4.270254274100308,1.4572327238322134,22.74677085876465,1
36.79169908058178,-5.064518362365374,1.3829558512830242,21.35101318359375,1
35.59986668771459,-4.750730656088846,1.5844577526662065,22.9157772064209,1
35.90633494719793,-4.668394997924118,1.747270017241175,20.381275177001953,1
36.006716375365826,-4.675891798404419,1.1883368146773683,20.592967987060547,1
36.828543000000025,-4.5261588,1.503726363182068,21.610422134399418,1
35.755631121843166,-3.796670434251192,1.5251885366404792,22.159914016723633,1
35.92515409689646,-4.00351486355936,1.249840712403759,21.80781936645508,1
35.76177277697898,-5.3545923971799105,1.8762256169249865,21.619609832763672,1
36.50661769139096,-4.988647739432088,1.6598047757767818,21.047382354736328,1
35.45097081843309,-3.6184210388789313,1.420248730350403,21.62935447692871,1
36.40434292842869,-5.019303426858556,1.939766254115409,19.668304443359375,1
36.31708666799188,-3.577126320198629,1.5147804776929918,22.71971893310547,1
36.074459271718226,-5.403727322175732,1.4920404700655614,20.707582473754883,1
35.40791721532951,-5.226872057387368,1.1091700063875174,19.89383888244629,1
35.56042816789609,-4.526034417153318,1.8217493236033568,21.69190216064453,1
36.30784301374803,-4.764301265486131,1.931003199504459,21.721630096435547,1
35.76177277697898,-5.3545923971799105,1.87587138604605,21.619609832763672,1
35.09495516640688,-4.83713026922489,1.998221854916093,21.605304718017575,1
36.05222114906608,-5.458546509428732,1.0748564625779813,22.98174095153809,1
35.995911999999976,-4.3184066,1.0608848333358765,23.1135311126709,1
36.755626577504074,-5.206198881074037,1.6952539862773042,22.757522583007812,1
35.557462116898726,-5.0656728180213335,1.1901719271687847,21.152006149291992,1
35.94602481209964,-5.274982919479947,1.9190268216500193,22.0306396484375,1
36.15875595579054,-3.478794646689394,1.571291559434592,22.63038444519043,1
35.036406333700285,-4.9848706539293755,1.6528874041488206,20.106929779052734,1
35.11300467881434,-4.992619068241023,1.910863088622189,20.756845474243164,1
36.78641900000002,-4.2329688,1.024297833442688,21.789291381835938,1
36.62085400000001,-3.7069301,1.711561679840088,22.562801361083984,1
36.48679642119582,-4.981442572948378,1.1804177707645065,20.764089584350582,1
35.05500799999999,-4.399425,1.8258453607559204,22.419145584106445,1
35.52351555675833,-3.902046927903688,1.3090474002659742,19.26381492614746,1
36.7610882461367,-4.254286914806719,1.389880366311644,22.82611656188965,1
36.84916399999997,-4.037504,1.8191723823547363,19.93419647216797,1
35.80087527515947,-3.92683423073624,1.1241393235916413,22.61869239807129,1
35.39312130405617,-4.818262914151753,1.6621544049328971,19.119159698486328,1
35.615317000000005,-5.265454,1.7533141374588013,22.611921310424805,1
36.138172999999995,-4.0085329,1.386239767074585,21.996946334838867,1
35.134414712332564,-4.7049361222498565,1.3999706749267942,19.856769561767575,1
36.27065912923888,-4.307533201295699,1.4325992254111948,22.542476654052734,1
36.023589000000015,-4.2065534,1.8566075563430784,22.505674362182617,1
36.10073486962858,-4.541663281291614,1.6746593629908415,19.568567276000977,1
36.786422000000016,-4.2329671,1.0250422954559326,21.789291381835938,1
35.49501663323347,-5.492309453577693,1.3562248986340368,19.49842834472656,1
36.755626577504074,-5.206198881074037,1.6964716626268252,22.757522583007812,1
37.05097000000001,-4.541057,1.9962421655654907,20.658218383789062,1
36.28858403453019,-5.351533960691749,1.1237773596166287,21.25799560546875,1
35.53214259830526,-5.310742576024973,1.8413461308052357,19.106266021728516,1
35.78017207709662,-4.571991090402144,1.2150619922917143,22.52381134033203,1
36.386847999999986,-3.9897511,1.2195671796798706,21.10763359069824,1
36.131600209024676,-5.277051207535139,1.404545414283513,21.021099090576172,1
34.99487101965958,-4.872240350151413,1.2056792500921392,20.361181259155273,1
34.94639661815987,-4.631895909318743,1.6279631550326903,20.27632522583008,1
36.01693613886688,-4.85512615875698,1.227303224416817,20.742307662963867,1
36.365226736793545,-5.110867403516039,1.1189353036917455,20.862106323242188,1
36.52248300000002,-4.9679786,1.3079843521118164,22.42437171936035,1
35.29595756783577,-4.233885691581743,1.5327779863820945,19.929346084594727,1
35.39436999999998,-4.5362243,1.4160208702087402,21.445707321166992,1
36.73165537311245,-4.114417302218127,1.9781652473197713,21.84029769897461,1
36.32470598855477,-5.361826885701329,1.3378283704979232,21.717817306518555,1
36.0975916995711,-4.144569561579344,1.1578173748888292,22.023998260498047,1
35.33501267228792,-4.2655074298177,1.1749682548979334,22.25437355041504,1
35.90443676851147,-3.749941461122804,1.332437227620094,20.64476776123047,1
36.90391474984366,-4.442100783115463,1.7468634374560346,21.10277557373047,1
36.66601619009801,-4.3345726281260495,1.565000121904896,20.967681884765625,1
36.848796706256216,-4.8717531088653585,1.023622488592412,21.64864730834961,1
36.207789739287115,-4.50720659172614,1.0236420085399576,20.237876892089844,1
35.40038299999998,-3.8925381,1.879560589790344,20.819156646728516,1
36.017814999999985,-4.215806,1.6714705228805542,22.546350479125977,1
36.542825952655456,-3.971150960058721,1.0957106893367945,21.68556785583496,1
35.19265005596234,-4.3542463216237275,1.521347708332867,21.599849700927734,1
34.973382482811964,-4.571321168972505,1.8640383025990048,21.040163040161133,1
36.727315320207225,-5.112828592989279,1.2882871634305293,22.219158172607425,1
36.943614781418205,-4.016881759496512,1.8205073369133915,21.940013885498047,1
36.797375413472174,-4.97090369223892,1.5364837973543228,22.007970809936523,1
34.96355637877601,-4.571224313097827,1.9094906623242625,21.31400680541992,1
36.52702339840916,-3.823272490457053,1.9301187090132093,21.18172264099121,1
35.30347771748919,-3.693133577456944,1.221321551539069,22.95348358154297,1
36.20779685409133,-4.507202139344895,1.0238946772002806,20.237876892089844,1
35.35521799999998,-4.149151,1.644798994064331,19.190113067626953,1
35.68661774990852,-3.666231631228368,1.9940728335511664,21.329326629638672,1
35.961590847543526,-4.532856665045801,1.5048575424265522,19.3098087310791,1
34.95852529440083,-4.472930765290422,1.815754571620026,21.913415908813477,1
35.31269978533716,-4.532120958847934,1.7591862122407045,20.70765686035156,1
35.355235949620315,-4.149152260084009,1.6456658921292844,18.953332901000977,1
36.50661769139097,-4.988647739432089,1.6588272071998815,21.047382354736328,1
35.35873918007804,-4.280610352589151,1.7056209285427664,18.72234535217285,1
35.45097081843309,-3.6184210388789313,1.420038383118445,21.62935447692871,1
35.66671555036072,-4.656357437620641,1.6984363529875124,21.139320373535156,1
35.112734073976696,-4.37789687375618,1.5861901491267716,21.00880241394043,1
36.43781200000001,-3.6400894,1.500186800956726,21.342958450317383,1
35.935719229447145,-3.9694379159974567,1.0776516477207911,20.060001373291016,1
36.03991686290036,-5.470926795346878,1.8899211885295828,21.71978759765625,1
35.73885116290438,-4.498067033481562,1.8475452573601985,21.44086265563965,1
35.61083652760438,-3.6116211338619415,1.1172371232605731,21.946561813354492,1
35.147642103693364,-3.9611360648262135,1.0281732967763697,21.367977142333984,1
35.33639902324608,-5.204992411307266,1.0047836522402822,19.81920623779297,1
35.72895199999999,-4.5855645,1.2184507846832275,20.34935760498047,1
35.452590999999984,-4.7108769,1.7753853797912598,22.147497177124023,1
36.038490000000024,-3.9530661,1.6638473272323608,22.921222686767575,1
36.384345,-5.2182404,1.4886852502822876,21.92098045349121,1
36.36656191980068,-3.5575707029796018,1.4325642821620133,21.39487648010254,1
36.26297,-4.6737018,1.736405611038208,21.433015823364254,1
35.569701704718774,-4.28886461903367,1.4340192919539236,19.675018310546875,1
35.83913377642366,-3.533400378426609,1.5677951310650209,22.244678497314453,1
35.09495516640688,-4.83713026922489,1.9982848937686168,21.605304718017575,1
36.62829640591483,-5.09782891173172,1.65663134601142,19.34898376464844,1
36.006719338551235,-4.675885378016814,1.186886305365327,20.592967987060547,1
35.358722,-4.280613,1.7033506631851196,18.747661590576172,1
35.84985270543806,-4.728983347886765,1.7722909077307978,23.667015075683594,1
36.342487000000006,-5.1375418,1.0043418407440186,21.595476150512695,1
35.732330036509346,-5.30488079430773,1.7635669287566218,20.3292236328125,1
36.852757,-5.3020483,1.9420747756958008,21.46170425415039,1
36.92186635710737,-5.2105222799693065,1.049458490587161,19.323646545410156,1
35.45581199999998,-4.5714409,1.578976035118103,22.505441665649418,1
36.0975916995711,-4.144569561579344,1.158252204772552,22.023998260498047,1
36.12132448867738,-4.968837943240733,1.4953546306790997,20.12468719482422,1
36.330318367897824,-4.787096995163259,1.9268148786778472,20.73255729675293,1
35.797534275518466,-5.3170556944305,1.070439657485959,21.97642517089844,1
36.4140651837602,-3.538606810216975,1.1159652525491004,20.61161231994629,1
36.20209927933174,-4.824250215487731,1.6538824409225052,23.34657096862793,1
36.85081754057408,-4.005661397424736,1.7622193536304445,20.424945831298828,1
36.313975766291904,-4.669184879336169,1.8464891610737328,19.62585067749023,1
35.10821049557896,-4.570598638732624,1.3017146878917865,21.87121200561523,1
35.67067289011269,-3.5086115652159107,1.7817611395013846,21.2429141998291,1
35.76790902316283,-4.793344365038983,1.3970815127721454,22.91175842285156,1
35.553080707104556,-3.840018071598678,1.1817317793934945,22.229238510131836,1
36.53149978096602,-4.172766864223293,1.8471743935855764,22.356727600097656,1
35.17567022616023,-4.152218594154439,1.251361107601389,21.77144432067871,1
35.77395323230742,-3.969692323253759,1.9441779464759288,20.621902465820312,1
34.99417635293821,-4.864318651523281,1.766952327729549,20.75899314880371,1
36.15510847187506,-5.575043032565948,1.8129047898430792,22.36267852783203,1
35.40725301145506,-4.523620073955499,1.717019112189822,21.881261825561523,1
35.6678880830667,-4.083769180168212,1.0541949144314589,20.517154693603516,1
36.480763963227766,-4.114933473959276,1.5335495044874266,22.56452178955078,1
36.811841203315986,-4.244116358350919,1.920660124579644,22.935394287109375,1
35.64244243939055,-4.397433307107551,1.4182904966048633,21.43369483947754,1
36.864905838359405,-3.9895457580711784,1.3302052681742995,20.56836700439453,1
35.46410900000001,-4.4813505,1.414421558380127,20.345287322998047,1
36.85277936479673,-5.3020531486594855,1.9363247716545713,21.76507568359375,1
35.736734220080194,-4.504587349087679,1.3001080149272808,21.789390563964844,1
36.04123062441751,-4.788374712957372,1.824482653826563,19.916051864624023,1
35.47989422437203,-5.051096420656349,1.7570284388516306,19.755369186401367,1
35.58058199999999,-5.0434561,1.149040699005127,0.0,1
35.52158580013497,-4.85243765099026,1.818620319087508,22.691837310791016,1
35.46205100723675,-3.7472720987478696,1.358412154721909,19.978290557861328,1
35.99953147560795,-3.963403941000715,1.8412360856984984,21.341596603393555,1
35.96138812387974,-4.451063613821725,1.1823496762527388,21.98286819458008,1
35.696255858500294,-3.8517188834434406,1.287632984257526,21.58125877380371,1
36.135290999999995,-4.510367,1.1148427724838257,20.72669219970703,1
36.630133051351784,-4.358089854777937,1.9962113781789108,23.03668975830078,1
36.483452,-4.5391019,1.6940703392028809,21.084369659423828,1
35.03676335860394,-4.52344384478404,1.3095042725236252,22.28014373779297,1
35.61025111710642,-5.582949155143621,1.7647016264338369,21.616727828979492,1
35.00871247010648,-5.017244635485778,1.7898518829479493,19.217937469482425,1
35.96499035113433,-4.819104729280333,1.9560319884167023,21.971635818481445,1
36.112166,-3.4609912,1.548310399055481,21.16006851196289,1
36.21318604576957,-4.090998111790594,1.6053261077916474,20.412822723388672,1
36.98760028232809,-4.025216571638067,1.9138010889673849,21.07100296020508,1
36.5312104535537,-4.093612615651956,1.9517134734539328,21.100727081298828,1
35.55552011362627,-4.175060070138906,1.9028699124141688,20.065448760986328,1
35.88261055443774,-4.432758193374508,1.60958742571273,22.03871726989746,1
36.94380061855697,-4.185742883737859,1.654434481434152,20.859922409057617,1
35.456042635294544,-4.913946747164087,1.219840788257078,22.019886016845703,1
35.67534785337748,-3.868777057132867,1.6000340126055186,21.030780792236328,1
36.4705693006677,-4.836913799946034,1.7685843124490417,20.55082321166992,1
36.738552350001505,-3.99571104511376,2.019504116702719,19.11918067932129,1
35.53953899999999,-5.4637742,1.8630977869033811,22.47618865966797,1
36.98760028232809,-4.025216571638067,1.9125028516964375,21.07100296020508,1
36.16111599999999,-5.1963033,0.7644930481910706,21.590381622314453,1
36.19488218702096,-5.089793265905008,0.7975649062953994,23.05162048339844,1
36.13725298266036,-4.795097188311461,2.2068564613979795,20.12562561035156,1
35.91788074133397,-4.481237969520077,1.0919308328875088,21.48320770263672,1
36.111973999999975,-3.7536966,1.2921243906021118,21.826358795166016,1
35.703421706254666,-5.2357796910319365,3.388473324480693,21.91393280029297,1
35.41447099999999,-4.8344808,2.44854998588562,21.704195022583008,1
36.62694729306643,-3.776335753061672,1.5538634188019358,21.909584045410156,1
37.037871486233605,-4.209711521543949,0.8789831894884009,19.565162658691406,1
35.65591068795742,-5.170008043154678,1.7937948189361732,22.903594970703125,1
35.77630295106539,-3.6530648249818873,2.28467641202308,22.10730743408203,1
36.74930096661987,-3.8375039204779537,0.2928666104416794,20.096813201904297,1
35.72786139689687,-3.794563745352692,1.0367607165857329,21.160228729248047,1
36.459989833416046,-4.556835444611874,2.74253716492284,22.200946807861328,1
36.16557099005065,-4.400444823031918,0.4790950379453783,19.88646697998047,1
36.13720999999998,-4.7950969,2.2070870399475098,20.68192481994629,1
36.18145545210022,-4.165148187374147,0.970442204827534,20.70731735229492,1
36.485108344447454,-5.580726231057261,2.9027699642644227,19.613615036010746,1
35.73885116290438,-4.498067033481562,1.8498571298212476,21.44086265563965,1
35.355618458781706,-5.425506129219923,1.508154187721057,22.60109519958496,1
34.98032457389304,-4.09310248774665,0.7327628341354726,21.433837890625,1
36.08923212206713,-4.1026743165258575,0.348676236016507,19.958141326904297,1
35.433742011255404,-4.579641711097624,2.7363778874028535,22.158954620361328,1
36.87976494010833,-4.473083553577435,2.4246177103184348,23.166542053222656,1
36.53911597883085,-3.608293326785162,1.1633082113588713,19.871044158935547,1
36.21666023853699,-4.203042420289882,2.2982299828637696,19.71317672729492,1
36.19488218702096,-5.089793265905008,0.7976344862229029,23.05162048339844,1
35.8042912510426,-5.360677909232397,2.2535026744019566,22.531295776367188,1
35.92751266203249,-5.427466409195714,1.487058370416178,22.61311912536621,1
35.264865542582335,-5.260035431873831,2.000381375063762,19.080047607421875,1
36.19160936789902,-3.8256313927680017,2.847714352682724,22.13425064086914,1
36.34440388975762,-5.5138138399000844,1.1214833581027035,22.11373710632324,1
35.66518470917572,-5.118481014618268,2.4181620385645286,23.039321899414062,1
36.05614300000002,-4.8695673,2.487138509750366,20.98257064819336,1
35.11793511716535,-4.737247588161226,0.8493578632100461,21.547847747802734,1
36.65481199999999,-4.9853217,0.5854493975639343,23.11067008972168,1
36.56630411560029,-4.16983195610307,1.2323799867977585,21.320716857910156,1
36.59714819257115,-4.717934568522043,3.023136669425494,22.795507431030273,1
36.968902000000014,-5.0246829,2.220179557800293,20.206478118896484,1
35.180530999999974,-4.1377449,2.507711172103882,23.07327461242676,1
36.725826879381536,-5.323801069683746,2.2876555613531324,22.597829818725582,1
35.18961119814348,-4.856129798026689,2.0443776111546974,19.711023330688477,1
35.87566344907651,-4.501183288008435,2.679601348371842,20.685020446777344,1
36.85079999999999,-4.9103398,2.481330156326294,21.737545013427734,1
36.78025100000002,-4.0046391,2.3813347816467285,21.087610244750977,1
36.753232000000025,-4.33907,0.0533022247254848,17.576717376708984,1
36.66877650644875,-3.9547155198049992,1.4367668846536603,22.033870697021484,1
36.73158090219624,-4.704987788100145,2.3110151204186984,22.00514793395996,1
36.411374866979216,-5.179143061743233,0.8999887639639556,21.539308547973633,1
36.88051200000001,-4.5140219,2.2222564220428467,22.79066467285156,1
35.44669058639478,-3.8838286783815263,1.2277604412657697,21.843347549438477,1
36.95610183236165,-4.990494173838222,2.2369917963419717,21.349769592285156,1
36.11204005866292,-5.655728735905297,2.5015932912571004,21.184675216674805,1
35.458039772098196,-5.326651638150535,2.9195290358035404,21.91614151000977,1
36.42005481183228,-3.5892617239567692,0.8649489111926375,18.83197784423828,1
36.18593938404708,-5.3056532290998355,2.4108473317208037,22.925607681274418,1
35.87682801394235,-4.998502042808242,1.967652136172119,22.32243537902832,1
35.91916400000002,-4.4151533,1.0316444635391235,23.054059982299805,1
35.24982447313833,-5.253262225089291,1.6965000739467528,21.762470245361328,1
36.621375433222624,-3.861530906347574,3.350679433574027,20.9219970703125,1
35.256393,-3.9850367,0.8505308628082275,20.973661422729492,1
36.685922000000005,-4.1356849,0.7091530561447144,21.430994033813477,1
35.819789766438326,-5.363155663843134,1.916703338715018,21.773351669311523,1
36.42662014233312,-5.497437175776656,1.2861260987222205,19.14461326599121,1
36.09153897359151,-3.998526690594552,1.9307255842922308,21.661867141723633,1
36.49010185369371,-4.834847608426884,2.277631829022755,19.667325973510746,1
35.466342999999995,-4.6945454,2.776683568954468,21.654029846191406,1
35.47080013416827,-5.168512122664246,2.2319446234942975,22.95622444152832,1
36.81716650645104,-4.760858031368593,0.7220939723979083,20.029762268066406,1
36.01729399999999,-3.6743075,2.5093328952789307,21.41684913635254,1
35.953125,-4.3881969,0.9536665678024292,21.66185188293457,1
35.44136135213621,-5.03839986898406,0.9635283059006948,20.50716781616211,1
36.257760127053814,-4.690299296808948,3.357378218501335,20.98708724975586,1
35.63185422430308,-4.5490218213265985,1.8195803542061548,19.553539276123047,1
36.697993999999994,-4.1770492,2.078854560852051,20.919706344604492,1
35.566931658611736,-4.236024818280047,1.5724015137945797,22.983890533447266,1
35.601303812157205,-4.176779419986776,1.0479028073067191,22.383520126342773,1
35.63809600000002,-3.7524282,0.9220852851867676,21.222047805786133,1
35.73133162204553,-4.736247646375583,2.8831647792930655,20.356203079223633,1
35.598806000000025,-4.6904841,2.2198026180267334,22.15870475769043,1
36.206569,-4.1958223,0.8050805330276489,22.062923431396484,1
36.60903338546942,-4.232074324969687,1.9465286782297329,22.883398056030273,1
35.30639283762957,-4.303765213072775,1.3057630942911045,20.664268493652344,1
35.87062927230785,-3.5051807347131474,1.3772384035074416,22.098295211791992,1
36.629525716944485,-3.811590518909096,1.5504590154326934,20.353532791137695,1
36.8099679983102,-4.212885771113818,1.7673913814692876,23.043855667114254,1
35.904438631645945,-5.143173463648644,2.157175749679929,20.224018096923828,1
35.410473000000025,-5.3222771,0.9891341924667358,22.287721633911133,1
35.60283700000002,-4.5687758,0.8354658484458923,22.505481719970703,1
36.69304043133497,-4.8503271158010985,3.036021156461959,21.237716674804688,1
35.4857815093167,-3.900293790558015,1.514804855467216,23.08146858215332,1
35.55033367021028,-5.468049518672693,1.5011008467958222,20.190523147583008,1
36.00872463057992,-5.196651219355889,3.5711699291512797,22.74388313293457,1
35.81255399999998,-4.2738835,0.4926413595676422,22.162765502929688,1
36.949953562173874,-3.960443263738804,0.7831475586186807,20.852602005004883,1
36.14808049461098,-5.604334488970124,2.2145030500366185,21.64520263671875,1
35.94670928113056,-5.09803669477899,2.3272472089581817,19.89726829528809,1
35.30260099999998,-3.7145157,5.011303424835205,20.928794860839844,1
35.59252700000002,-4.5809702,2.0806519985198975,21.99876594543457,1
35.6788996443349,-4.554089994953237,1.886370345611228,20.71585464477539,1
35.896104246768395,-4.573006182811417,2.2175029179683294,21.957061767578125,1
35.65178439540006,-3.6446601919725494,3.5516031979144116,19.776933670043945,1
35.12065041977772,-4.967443639083699,2.1536359654143222,20.367511749267575,1
36.050814,-3.9903591,3.211678981781006,21.683164596557617,1
36.00271773392818,-3.754961461209774,2.041553692639463,22.297866821289062,1
35.57732799423745,-3.8081125136258542,2.7444075406366863,21.952356338500977,1
35.27354883585621,-4.6837631234487755,0.1988592535190834,17.32822608947754,1
35.89827511850723,-4.603782371031859,1.9254422651680465,22.10770606994629,1
34.95852529440083,-4.472930765290422,1.8195271864890867,21.913415908813477,1
34.995580803193526,-4.807804880266044,2.487171460420077,21.81612205505371,1
36.489131999999984,-4.2277551,0.605911374092102,20.708383560180664,1
36.632519,-4.6796708,2.046044111251831,21.13892364501953,1
36.69304043133497,-4.8503271158010985,3.0360129576028947,21.237716674804688,1
35.155955000000006,-4.8665667,0.4816077053546905,20.96187973022461,1
35.275419754453615,-4.30793374767951,1.5325466154587597,20.955095291137695,1
36.621313073925954,-4.9308827410307785,1.2040070687712012,22.46186065673828,1
35.72897736303903,-4.585565834770536,1.2207439866589724,21.36475372314453,1
35.77256833414825,-3.481641571290473,2.0049770102047457,23.603347778320312,1
36.340244788377056,-4.810554936429577,2.1868854205993316,22.246122360229492,1
35.518051000097145,-4.042913154792458,1.949487981766301,19.884185791015625,1
36.26975919114705,-3.917260791416284,2.089078659881458,21.207096099853516,1
35.858200046709456,-4.9282798459568005,1.4240178141551134,21.86100959777832,1
36.378600000000006,-5.1806582,0.7695964574813843,21.700035095214844,1
35.956355792398156,-3.8563611901016257,1.5053073713332534,20.99390983581543,1
36.53234800000001,-4.3120102,0.4964301288127899,20.68091583251953,1
35.559430193713865,-4.248983606820083,3.8176973395395706,21.593830108642575,1
36.41906499999999,-4.640346,2.483147144317627,19.84646224975586,1
36.34440388975762,-5.5138138399000844,1.1215758634842985,22.11373710632324,1
35.020467,-4.9210605,1.4778000116348269,22.650060653686523,1
36.58892300000002,-3.7390828,3.394742250442505,20.4508113861084,1
35.93339506542181,-4.1066347558091,0.4343648593870479,21.810152053833008,1
35.10974993061712,-5.047667661111241,0.8905929156867491,21.9266300201416,1
35.242637773923704,-5.20580598116773,1.7428578809243191,23.477819442749023,1
35.804332999999986,-3.8178508,0.9853891730308532,23.213483810424805,1
35.79411924224717,-5.61214293060417,2.24242830882,21.099456787109375,1
36.396045000000015,-5.4768352,0.565467119216919,22.116127014160156,1
35.102038426786514,-4.0048268806370055,0.8125388836742213,21.9604549407959,1
36.121996372597565,-5.652716720621168,2.421396924209457,22.087512969970703,1
35.115314488108325,-4.825956003854598,1.5345834605518804,21.37433433532715,1
35.265321894408274,-4.095595581016653,2.432078436718352,21.071786880493164,1
36.431415000000015,-4.4762687,3.414639711380005,21.101009368896484,1
35.975536430977506,-3.8512757092761087,0.3456362489510325,19.938152313232425,1
36.627162492788294,-5.091436544101832,2.3796650645957733,21.441314697265625,1
35.56667242478529,-5.267017284869368,1.22885538096643,20.061786651611328,1
36.3470460419901,-4.010691536805721,2.242389456523865,21.373798370361328,1
35.88853826432774,-4.823007709059399,2.3006011946274296,20.71870994567871,1
35.787003612622264,-4.152306231333196,2.044908181333103,21.552228927612305,1
35.00369369399902,-4.6797672210721055,2.0893226309358095,21.755277633666992,1
36.919011694945425,-4.047550852814818,2.6099929619142253,18.25745391845703,1
36.857260919032235,-4.310469716429642,2.774652922467973,22.623884201049805,1
35.92751266203249,-5.427466409195714,1.4864560880812594,22.61311912536621,1
35.112676235017176,-5.067232014042658,3.4746846611525237,20.883501052856445,1
35.28686829908399,-4.122195741404687,1.896056181497544,20.73107147216797,1
35.82394118392486,-5.467662300002879,2.046832453200769,22.29075050354004,1
36.99386639236282,-4.491885268274461,2.220367895283472,22.704925537109375,1
35.83928900000001,-4.2334249,2.9453089237213135,21.840961456298828,1
35.743251100013225,-5.512896328380962,1.7724151790460954,20.51551818847656,1
36.22631303087044,-4.719964831698307,1.820887294066196,22.060077667236328,1
35.461058098852995,-4.206250169690183,1.5542317219709942,19.61286735534668,1
36.051129664101744,-4.620695544171009,0.9054635676828576,22.315568923950195,1
36.12879530258191,-4.499329241379389,1.3506947463089554,20.91004180908203,1
35.76618639107441,-5.587483653121664,3.664017549104516,22.35835838317871,1
35.77993600000002,-4.6174855,2.780861139297486,22.20762634277344,1
36.5323829887854,-4.311996178526408,0.4966526509910535,19.627609252929688,1
35.50758200000001,-4.2247797,0.9505258202552797,19.797428131103516,1
35.26528999999999,-4.0955865,2.436312198638916,21.08175468444824,1
36.060932865872545,-5.247219883373486,1.761259251158858,23.01518440246582,1
35.32488599999999,-4.5171161,0.7606489658355713,20.768089294433594,1
35.812805000000026,-3.8222859,0.1660920232534408,22.06765937805176,1
36.102630999999974,-5.0707188,2.047858715057373,22.02656364440918,1
36.35593,-3.706444,1.330053448677063,18.189416885375977,1
34.96731,-4.155534,0.6924169659614563,20.224763870239254,1
36.454084403267785,-4.174557642364763,2.136882115883652,23.535736083984375,1
36.21240994749077,-4.484152980449254,1.543973413632975,21.49787139892578,1
36.79366647701403,-3.772463272371863,1.2887098017270833,20.12230110168457,1
36.39514087330049,-4.400480674410832,0.9205604426478868,21.42443466186523,1
35.115314488108325,-4.825956003854598,1.5415944989053034,21.37433433532715,1
34.988577647401236,-4.664611872517417,2.074459147710906,18.26401710510254,1
36.725826879381536,-5.323801069683746,2.2871616160202235,22.597829818725582,1
36.932836957019674,-5.164650538191144,2.2114525051469305,21.573081970214844,1
35.30271067205316,-4.185412213261036,0.2895166695744223,18.77877426147461,1
35.78350948178223,-4.046809834248952,2.107803882670528,22.22482109069824,1
34.884820010659595,-4.659869812553209,1.8320821750884728,22.16522216796875,1
35.755631121843166,-3.796670434251192,1.5221155309190315,22.159914016723633,1
36.87550699999997,-4.6627378,1.8530611991882324,22.369497299194336,1
35.03505027562524,-4.196380551689258,2.0587850376383225,22.395771026611328,1
35.02325400000001,-4.4106545,0.7384032011032104,0.0,1
36.20285000000001,-4.9352407,1.6529648303985596,21.03819465637207,1
35.42514947502486,-4.453533624127461,2.828668574526064,20.754148483276367,1
35.58596699999998,-5.5418628,0.6285712718963623,22.08552360534668,1
35.51079970036248,-5.064451996486795,2.1620698260133335,21.762910842895508,1
35.40047700000002,-3.892537,1.877430081367493,20.819156646728516,1
35.25229607691741,-5.330668703325302,0.9684227366096816,22.015512466430664,1
36.11381899999998,-4.0956392,0.7896151542663574,21.68957138061523,1
36.02782397911955,-5.482897642145345,2.3404478592012894,21.83371353149414,1
36.06351474792882,-4.641265888206647,2.750922831885781,21.525732040405273,1
35.08389699999998,-4.1684107,0.6104445457458496,21.671743392944336,1
34.92155686875618,-4.683470533036219,2.1010088682650316,20.373687744140625,1
36.66988900000001,-3.7447935,1.557561278343201,21.99314308166504,1
37.05687300886751,-4.311645613716938,2.410950159699002,23.193038940429688,1
36.47004497670339,-5.253672780559935,2.55214266532595,22.296497344970703,1
35.11313857540309,-4.593539230601536,1.2798768068113544,20.885704040527344,1
36.08370147001052,-4.270254274100308,1.4569857788298224,22.74677085876465,1
36.14414217353888,-5.637342590655216,1.3025594869907833,22.140071868896484,1
36.013670669679875,-5.053007309224957,2.818370893884772,21.61144638061523,1
35.68506048561114,-4.563073464174657,0.7601601265078293,18.490589141845703,1
35.745443770685156,-4.981235084066615,0.466384692870626,19.190839767456055,1
35.65918872297964,-5.0165095229576435,0.7741327594109721,21.85576057434082,1
36.20523536417036,-3.992418124530384,2.0845767110796696,22.90681266784668,1
35.73132399999997,-4.7362394,2.8776915073394775,20.380756378173828,1
36.84152072136941,-5.124330327068313,2.594639405045238,22.622051239013672,1
36.905798925390336,-5.204668446383584,2.0439058672079353,21.53037452697754,1
35.105806459331895,-4.238809788876653,1.9216286301930712,20.67117500305176,1
36.39514087330049,-4.400480674410832,0.92049596100943,21.42443466186523,1
36.46239645404012,-4.046502190942029,1.43859464219249,21.53632164001465,1
36.99364269361891,-4.147497652858987,1.9682224311708767,21.953927993774418,1
35.34226180987719,-5.020956275719297,1.3298939664862368,21.03154563903809,1
35.86025699254005,-4.951711360860608,0.8249430903060081,20.95333480834961,1
35.98412300000001,-3.7042316,0.9198142290115356,22.19306182861328,1
35.534473091520624,-4.398244829147845,1.2996599304441263,21.958091735839844,1
34.88792000000001,-4.4880979,0.9538841247558594,19.899320602416992,1
35.57203212679182,-4.970564176953663,1.8148299545785145,21.774019241333008,1
35.81867983982708,-5.167051719554889,2.2809424864035592,23.330123901367188,1
35.30259029717611,-3.714527373405066,4.98870952273817,21.00974464416504,1
36.18195700000001,-5.1512608,0.9432124495506288,21.706783294677734,1
35.54108456480773,-4.711834604080494,1.6313107616259976,22.07491874694824,1
35.42343960341667,-5.303716339491208,1.233834391893003,21.41803550720215,1
35.657876469969914,-4.19456197414037,1.4926340905292557,21.35373306274414,1
35.495017245702186,-5.492309813983732,1.356053562893512,19.49842834472656,1
35.767344879704325,-4.74320350739837,2.0527861009939388,20.02724838256836,1
36.15381077004971,-4.78595360219933,2.3991169291606367,21.705965042114254,1
35.31269437378377,-4.532123837521777,1.759125792977332,20.70765686035156,1
36.364641000000006,-4.7094844,0.820656955242157,20.94875144958496,1
35.959725903712375,-5.219732048556923,1.6669614352821158,21.419376373291016,1
36.42190199999999,-4.9845958,1.752808928489685,21.621129989624023,1
35.77191838812705,-4.466910385378551,0.8202180481762215,22.25170135498047,1
35.30051611836774,-4.196825616606617,1.6517413827746548,19.944154739379883,1
36.184531183129856,-4.329976281021269,1.6065961168881937,21.511425018310547,1
35.47589900000003,-4.249615,2.43735408782959,19.03995704650879,1
36.693310096235535,-5.168683342290285,2.904887217359869,23.652517318725582,1
36.517219349257424,-4.839021959702052,2.4067602558048233,20.622602462768555,1
35.297841320176836,-4.971258136627856,3.1275662130031123,22.481801986694336,1
36.78144409645552,-4.534236932569899,1.5199482189204605,21.11095428466797,1
36.22237912376301,-5.171712996547987,1.029771604141665,21.488147735595703,1
35.061869,-4.0102275,0.3632015585899353,21.330907821655273,1
35.871971456856954,-4.914449577457862,0.6041167305393508,20.427539825439453,1
36.88291348821644,-4.633446969380731,1.5138961728172995,21.357769012451172,1
34.99417706326622,-4.86431638254774,1.7645842692196951,20.75899314880371,1
35.559430193713865,-4.248983606820083,3.817789887156473,21.593830108642575,1
35.41245657219483,-4.779340559761461,1.5515242365868869,21.541128158569336,1
36.61419699999999,-4.9529872,1.93994665145874,22.459375381469727,1
37.03649300000001,-4.7024675,0.8409026265144348,21.159740447998047,1
36.60903338546942,-4.232074324969687,1.9461630549675928,22.883398056030273,1
35.35164003192304,-4.2143476125432535,2.897707325442708,21.048967361450195,1
35.273505,-4.683758,0.1986583322286605,18.10114860534668,1
35.470564000000024,-4.0963214,0.4314222931861877,20.87926483154297,1
35.427704000000006,-5.3438575,0.6217339634895325,21.074996948242188,1
36.203604441432674,-3.7291735740466647,1.820225831385176,21.157602310180664,1
35.3438009014812,-4.325996606649343,0.7408394780508448,21.11275863647461,1
36.644213690957464,-4.246094588419852,1.8109118460139024,21.67158317565918,1
36.96462445940962,-4.7146810416659415,1.797475410553892,20.13685607910156,1
35.90379643739912,-4.30766299937579,2.9758380343198194,21.14482307434082,1
35.83176880904275,-4.791953833070061,0.293797294777336,19.160907745361328,1
36.30220150040814,-4.283412848699827,2.5595809166546863,23.465137481689453,1
36.27218590137339,-4.194399185407274,2.5551599700901835,22.799530029296875,1
35.32049935002567,-4.881502976444391,2.159176908370888,22.481304168701172,1
36.42513500000001,-4.4114117,0.20575912296772,20.962207794189453,1
36.78292399999998,-5.1384166,0.3561668694019317,20.39920234680176,1
36.94651008523872,-4.755597266396905,1.802258469843224,21.62175941467285,1
35.91313969260434,-5.215339970664941,1.513404161099252,20.90113639831543,1
35.343773,-4.3260352,0.7397115230560303,21.361133575439453,1
36.46369996512382,-3.637875261241316,0.8633546999204559,21.333038330078125,1
36.40882187989453,-4.469753467833597,2.693494134024706,21.81822395324707,1
35.63772993292307,-4.675878784634404,2.5849159329102473,22.19400405883789,1
36.169669,-4.6160831,0.9067003726959229,19.504758834838867,1
36.36813999999998,-4.2611183,0.5632115006446838,21.22833824157715,1
36.88620800000001,-4.2948108,1.5354211330413818,0.0,1
35.96747437159456,-4.5088539668598955,2.0104947549008485,19.444419860839844,1
36.61849478052148,-4.910879333665209,1.5374100717793708,23.023237228393555,1
36.42673230683026,-5.247908454988777,1.2600213225829056,21.280115127563477,1
35.869823893121676,-3.681702860046589,1.4978422970357927,19.389047622680664,1
35.15311011790824,-4.857845154223583,0.9804807529239103,20.625560760498047,1
35.97946529908851,-5.261014600444303,2.4090961452153743,21.6513729095459,1
35.1364575821937,-4.192044703205823,2.0853296107531563,19.99563789367676,1
35.95529232497258,-3.6435751316922937,2.4157921326040097,21.711109161376953,1
36.78766000000002,-4.9195196,2.7033851146698,21.07864570617676,1
36.61003699999998,-4.559191,0.7897598147392273,21.94047164916992,1
35.68661774990852,-3.666231631228368,1.9928402727714671,21.329326629638672,1
36.8786706873141,-4.215756651607804,2.062012233927163,22.885906219482425,1
36.06599843239833,-3.5275037809301284,1.3157992388543962,20.75812339782715,1
36.47861086141192,-5.231807653191818,1.254985415735457,19.95191192626953,1
35.85435058688657,-4.2477635320344485,2.0472022636101683,21.295095443725582,1
36.40205900444058,-4.163664551727426,3.1172467510535284,21.85414695739746,1
35.59438735710741,-4.679205825338804,1.1976607286640222,22.195520401000977,1
34.89979386674947,-4.4294998086890285,2.4884722081843695,20.44304656982422,1
35.74159500000002,-4.3113758,0.2375611364841461,19.292701721191406,1
36.49534995637825,-4.300294410094179,2.2856466328981986,22.003875732421875,1
35.66144700000001,-5.0644549,0.9082742929458618,21.93341827392578,1
36.00560541076463,-5.483642943084016,1.022393904304303,20.568538665771484,1
36.25380631700843,-4.220863320029577,2.4194614525749354,22.28447723388672,1
36.16185300000001,-3.551735,1.6753127574920654,18.775821685791016,1
36.35700200000002,-4.5860138,2.166278839111328,21.164222717285156,1
36.75608599999998,-4.1309209,0.2206776440143585,19.646013259887695,1
35.771862,-4.466866,0.8194122910499573,22.381093978881836,1
36.4540595992123,-3.814214321292398,1.6606864428794117,23.052419662475582,1
34.96732214666844,-4.155544089193999,0.6929045565528391,20.124942779541016,1
35.41452377123078,-4.834523330517058,2.440326495878272,22.03827857971191,1
36.22088480233256,-5.3289288883267245,1.403931078740424,21.40462303161621,1
35.10328199999998,-5.0421764,0.2524791061878204,19.101482391357425,1
35.51653123734976,-5.314207126928848,0.5686811062497416,20.161724090576172,1
36.467360342035185,-4.087876807685365,1.4420135611463256,21.24698257446289,1
35.96413979776756,-4.311487781161389,1.5026681500785746,22.92173767089844,1
36.64216264762344,-4.017901936599251,2.027402979407336,20.515586853027344,1
36.21131201492142,-3.7634960622850206,2.734348095016885,21.977022171020508,1
35.82021869533042,-5.448851179110118,1.5706454764112687,19.960695266723633,1
36.75387889338997,-5.117664738346245,2.4557570665834354,22.01948928833008,1
36.13442199999997,-4.2859292,0.9235283136367798,22.822650909423828,2
35.48208516506714,-4.104057992275943,0.4313612354635912,19.316102981567383,2
35.27041005597322,-5.026331024653125,1.0939160084336343,23.582725524902344,2
35.4388716301488,-5.536173341607765,0.0079709892145877,18.89952278137207,2
35.06323600000002,-4.18384,0.1405073702335357,23.92314910888672,2
36.45748100000003,-4.5877571,0.7066454887390137,22.27372169494629,2
35.59267847655309,-5.4326859970658745,0.2937373253490592,19.308094024658203,2
36.99450979990431,-4.780254663265894,0.3101927672848338,19.978376388549805,2
36.32237781163744,-4.575061131681646,0.8320743568058645,22.334291458129883,2
36.71531295909728,-3.700118548193181,0.8571323837498118,22.665014266967773,2
35.88665449778937,-4.644823276883168,1.2643016271129035,22.91182518005371,2
36.554844,-4.8008966,0.8676345348358154,22.655588150024418,2
35.66124253364654,-5.413676415436984,0.846366983355204,22.455472946166992,2
34.97262361028277,-4.845019709862933,0.9053407487741656,22.892911911010746,2
35.534356686117654,-4.3701307597585295,1.4894727490100044,23.24899101257324,2
36.09775736551565,-3.769380878218455,0.1054722755509438,21.746437072753903,2
35.18963499655464,-4.7498417386887715,0.7635284330979841,22.573745727539062,2
35.67605004457491,-3.90505543350202,0.4356182327006003,20.18651008605957,2
35.75902800253057,-4.09267637616118,0.285125106621359,19.375225067138672,2
36.30549400000001,-4.3153728,0.6557005047798157,22.49098014831543,2
35.66523789737418,-3.967514337167698,0.2931964385824021,18.69696044921875,2
36.20699592118973,-3.944321938215449,0.9755119588846588,22.36524200439453,2
36.27803593049051,-5.415151857075799,1.3621191197437823,23.56629753112793,2
35.649687765109086,-5.498477315039593,0.2330246391709328,19.922992706298828,2
36.872469662472234,-5.19766927321885,0.6868222675388854,23.03853416442871,2
35.72523860912078,-4.366428541134248,0.2659716432108718,17.682388305664062,2
36.40118495885735,-4.698188873094419,0.0928187777676934,24.695499420166016,2
35.328666,-4.5456937,0.727537989616394,22.597572326660156,2
35.4374186396439,-4.5454871384045985,0.8408036893672173,22.16704559326172,2
35.12640575283087,-5.264255049134095,0.960428556949984,22.217924118041992,2
35.96041549764144,-4.527484242237139,1.3220960064868237,21.41344451904297,2
35.66487946142587,-4.960165050292392,0.1391958163687093,19.898181915283203,2
36.04779526586181,-4.392952686200803,0.2936709679016922,19.5048828125,2
35.85200835379647,-5.320160094818209,1.4485621593997096,23.43251609802246,2
35.93531838746928,-5.592151829487937,1.5677139130948006,23.11846351623535,2
35.86552799999998,-5.3115737,0.6129782795906067,22.239667892456055,2
35.261839554146235,-4.229551148428264,1.0275956620945186,23.325590133666992,2
35.59891743380656,-4.301754534377471,0.2017958483048444,20.127607345581055,2
36.25117247045025,-4.574229112754892,0.1394368332962927,18.731332778930664,2
35.63790060258272,-4.727355937628652,1.195604608345313,23.909067153930664,2
35.990029375216125,-3.817721958084459,0.2890559000940408,19.52354431152344,2
36.13714384153503,-4.246428680411138,0.8050523021547927,21.23816299438477,2
36.97432113439527,-4.96917685637209,1.1386087932770184,23.165109634399418,2
34.96533175451775,-4.2528977420837375,0.811572519357734,21.36109733581543,2
36.061534169086784,-5.134708918884871,0.1721597419488253,19.782669067382812,2
36.079154902101,-5.28868535582952,0.2809796545805973,18.794260025024418,2
35.98290573310761,-5.614202264775467,0.3341208161719637,18.98554229736328,2
35.875109115242,-4.7006084952722125,1.2454800916158946,23.47348976135254,2
36.329470896440355,-3.855905418382968,0.2556198435360421,19.446701049804688,2
36.79956900000002,-4.5701492,0.8492846488952637,22.504365921020508,2
35.79437300000001,-4.902431,0.9923996925354004,0.0,2
36.410027000000014,-4.147141,0.92894184589386,22.447126388549805,2
36.074969923884865,-5.26857708282969,0.0521911960564638,19.40342903137207,2
36.916372411819175,-4.331687463984881,0.2553670105284088,22.611074447631836,2
35.72867954309093,-4.25156247141931,0.5571704652767407,23.107027053833008,2
36.16328542151554,-5.641303014288886,0.3112094704960395,18.77983856201172,2
36.130382569692216,-5.65231360740932,0.9519371364210988,23.20243263244629,2
35.39624127061153,-3.787116541335964,1.0302319726831672,22.263748168945312,2
36.29101354503344,-4.336051734047006,0.8500104030556871,22.376300811767575,2
35.739729816099725,-4.798567220878969,0.8278661366819139,23.405353546142575,2
35.50933349607757,-3.961036464043157,0.7686334706952559,22.42111015319824,2
35.85086642337144,-5.420073879620735,0.8654883944252049,22.634408950805664,2
35.087087550961655,-4.684055922296086,0.8010637647690564,22.290687561035156,2
35.52126131025133,-4.519213667122886,0.8028579156109344,21.43568992614746,2
35.68068508147144,-4.352000506017409,0.8827392578377935,22.582080841064453,2
36.26791700000001,-4.4587717,0.7990687489509583,22.45757102966309,2
36.45239009434015,-5.001318635482089,1.3118223509374929,22.97333717346191,2
35.38714631356,-4.158242898257505,0.8555155150772832,22.65142250061035,2
36.62314573407674,-4.042019931842374,0.3283236877082152,19.23793601989746,2
36.01557092287768,-3.9737417060563978,1.3973857541981982,22.755142211914062,2
35.861073989822,-4.484684798585553,0.8636818697571347,22.943925857543945,2
36.10564458423869,-5.6467580368811126,1.0200562179737336,23.17371368408203,2
35.43253299999998,-4.6310558,0.8919010162353516,0.0,2
35.73740539699729,-3.7720731431911063,0.0838723480613827,22.419580459594727,2
36.200926448064415,-3.507946445458826,1.4947346599933642,23.438562393188477,2
36.23952400000002,-4.5424956,0.8307158946990967,22.66963005065918,2
36.48343619673528,-5.294561440648502,0.513500695146424,19.47364616394043,2
35.630277445552636,-3.8670268818498266,1.1457668510099797,22.74374008178711,2
35.64467246818228,-4.079727055352163,0.1494516914521769,19.77857780456543,2
36.1337255949297,-4.915923361875798,0.9647812906810542,22.219297409057617,2
35.88904600000001,-4.0613228,0.4339633882045746,21.070695877075195,2
36.441022682158255,-3.887219054161723,0.3279417306318706,19.79222297668457,2
36.51094328578919,-4.131595875017437,1.2295975925985063,23.35021209716797,2
36.44478686437788,-3.611904106607193,1.3439026390657935,23.28017807006836,2
36.4033924772939,-5.249562363650686,0.2834896461510973,18.893789291381836,2
36.997825047750254,-4.672245452295854,1.2362793352802857,23.2697811126709,2
35.04114031457527,-4.30818329046416,0.8604666863360847,23.227149963378903,2
35.9736562137237,-3.771233472563116,0.328463183177585,18.862611770629883,2
34.932075999999995,-4.782444,0.7450622916221619,22.2814884185791,2
35.7342562628061,-4.885551369850249,1.207544159690733,22.453153610229492,2
35.92856184472728,-3.808387165046351,0.8678820289949659,22.02172088623047,2
36.5517328864503,-5.255624295911285,0.2828436916768466,18.595420837402344,2
35.42580507743593,-4.461919638873872,0.2890891561737818,18.56575584411621,2
36.39156226106762,-3.928259625985148,1.0642671927833498,22.742273330688477,2
35.493213041139654,-4.019936798175834,0.1693117751478679,19.06642723083496,2
36.149227999999994,-5.6126783,0.2990627288818359,21.286128997802734,2
36.183764999999994,-4.6782522,0.8515084981918335,22.462060928344727,2
36.08718197774979,-4.36686487249153,0.769874673939608,22.607023239135746,2
35.42660290717595,-5.041793361580048,1.0410193323829309,22.93288803100586,2
35.03870272113934,-4.600294495559863,1.5716399402398282,23.027847290039062,2
36.499577503628075,-3.9997966866006007,0.1438416378317601,17.677799224853516,2
36.78275365489252,-5.161306815963664,1.2012829569975076,23.28700065612793,2
36.22923727196472,-4.758696942790782,0.7718593041622668,22.458162307739254,2
36.825362874820314,-4.0779736879152555,1.1160722055618983,23.206859588623047,2
35.021434148872785,-4.276581012043802,0.3743464900575197,19.036956787109375,2
36.280449675903405,-3.750418497065963,0.997797225209194,22.496850967407227,2
36.48785701699701,-5.28998021818082,0.5159685945065553,20.63065719604492,2
36.326494520289344,-5.354389980228995,0.3311963099456948,19.319751739501953,2
36.636623498969534,-4.126156689717004,1.3924373502276006,22.88768196105957,2
35.312182933545046,-5.3222474872461145,0.235014806937282,19.245229721069336,2
35.498071619242424,-4.980246865474316,0.9603741668491512,22.465190887451172,2
35.40555440852412,-4.180274759084186,1.0338293954325988,23.529438018798828,2
36.81023146870069,-3.988115914539181,0.8851352719740235,23.305082321166992,2
36.979918999999995,-4.1680059,0.8559762239456177,23.308883666992188,2
35.65586757220073,-3.988687552307501,0.1338679838889612,18.093002319335938,2
36.35348620861339,-3.572422979796933,0.3354185867243996,19.69771194458008,2
35.317342,-5.3811977,0.7915436625480652,22.961763381958008,2
36.34260590335051,-3.53744373019674,0.9783297842928872,23.277568817138672,2
35.96521940778693,-3.98947975402594,0.6202730825740687,19.8546085357666,2
36.60966374487611,-5.364917978378612,0.3335451068466748,19.70512962341309,2
36.748465170384414,-5.084298881823147,0.7316443380520633,22.73056411743164,2
35.36996205687748,-4.777848503121627,0.1990721189089977,18.9968204498291,2
36.06720136336546,-5.341166487841056,0.6815118341301052,20.980222702026367,2
36.572566766356225,-4.992585556216052,1.0073894556939371,23.057815551757812,2
35.63680957895599,-4.230242888155823,0.2855790860898524,20.066795349121097,2
36.41983872039133,-4.5407465456637714,0.8895249387611969,22.67903709411621,2
35.772348642968744,-4.874387350470878,1.4055160249620928,23.20628547668457,2
34.981006467778755,-4.445429966228364,1.2340107569415015,23.288829803466797,2
35.375712007250385,-4.833983915307817,0.809062364053052,21.15648651123047,2
36.375895856518675,-4.235629577112232,0.1398672471898773,17.85293960571289,2
36.262991805630534,-4.748372521825827,0.8515405802948919,23.19169807434082,2
36.91226599999999,-5.022696,0.8897287249565125,23.45223617553711,2
35.42694347543843,-4.642679244047109,1.1880367589441383,22.88473892211914,2
35.448580058606275,-5.24444805968668,0.7431329010112497,22.798198699951172,2
36.209603000000016,-5.489699,0.3327763378620147,19.80929946899414,2
36.93329664539239,-4.66712193733762,0.7902449181567335,22.33805274963379,2
36.97701576888402,-5.004023465998952,0.868331823746891,22.780132293701172,2
36.31431700000002,-5.185051,0.7208184003829956,21.82779312133789,2
35.55800364370208,-3.9190119089680335,0.9227756677773856,22.423192977905273,2
36.16905589773573,-5.136667597257217,0.8669242707580106,23.17040252685547,2
35.85897202319339,-4.6922921287616095,0.6022602120759507,20.769323348999023,2
36.38154448346569,-5.078564101102582,0.6780365370989384,21.81173324584961,2
35.54870443074509,-5.592280688527695,0.8154821299667986,22.617839813232425,2
36.69766996811592,-4.252580654638614,0.2637232446651543,19.408193588256836,2
36.61216844367627,-4.178890622876131,0.8600041984494711,21.94633102416992,2
36.42596400000002,-4.4784641,0.525365948677063,21.158109664916992,2
35.02059630445812,-4.114909989474872,0.1603074047689584,18.67686653137207,2
35.63496263637451,-4.8171907694700975,0.2260837670227034,19.733905792236328,2
36.900998030280114,-4.364238779781794,0.2164763507205019,18.979671478271484,2
36.20116703222288,-5.657542476175179,0.8052867508466115,22.4992618560791,2
34.94238016514598,-4.919784163877909,0.9787828997563686,23.498424530029297,2
35.502272000000005,-3.8892604,0.5655326843261719,21.82155990600586,2
36.38533611647966,-3.9193201340716226,0.7728294286353321,20.32629013061523,2
36.577271,-4.1654372,0.7920539379119873,0.0,2
36.49654301980316,-5.227466972524549,0.4992909787722681,19.093826293945312,2
36.76639899999998,-3.849999,1.0528132915496826,22.312145233154297,2
35.36068141415986,-4.665270907455034,1.1870242924439345,23.346933364868164,2
36.14588111604212,-4.2393802866569805,0.2622960227752734,18.342117309570312,2
35.44410700000003,-5.034833,0.8361203670501709,23.088382720947266,2
36.09902586702004,-3.821582363301899,1.0089135298702752,22.845203399658203,2
35.7466014661306,-3.550024825500466,1.1649582990629208,23.197908401489254,2
35.243778718267905,-5.293117024206999,1.0307146462684322,23.140106201171875,2
36.383437000000015,-4.7296616,0.3131382763385772,20.65409469604492,2
36.5039971128792,-4.622674423209423,1.0014918750970456,22.257179260253903,2
35.86092500000001,-3.5368696,0.7684017419815063,22.27764320373535,2
36.62269646536731,-4.892398626302918,0.3244890890969215,19.326885223388672,2
35.000718481322465,-4.295975537737623,0.9168940073640306,21.48854637145996,2
36.98712336241371,-5.1263791697663095,0.4919439332907623,19.815658569335938,2
35.968890999999985,-3.8153031,0.7632990479469299,22.55552864074707,2
36.57299135908152,-3.880573182172299,1.1205249831112902,22.466564178466797,2
35.33641347530113,-4.105058498017321,1.427647590407893,22.59031105041504,2
36.606570750632066,-4.296022515152966,0.4369075608693671,22.934507369995117,2
36.00939702299462,-5.57450473482849,1.4486587678391702,23.455791473388672,2
36.02414162519296,-3.9212912792796346,0.5578955684671846,19.67688751220703,2
35.81909874384529,-5.208296469618915,0.3302781627805051,18.00967025756836,2
36.454953617523714,-3.906693910873885,0.1167126507915138,19.75339698791504,2
36.61242614384813,-3.83295419596044,1.2151798302172387,23.057132720947266,2
36.68936033362591,-5.282782795216021,1.4242803380815547,23.370769500732425,2
35.41568535514774,-4.953458415714582,0.8522900742308823,22.485572814941406,2
35.07408600000002,-4.195265,0.327283501625061,21.06295585632324,2
35.52749548557804,-4.987522389057497,0.274754355446424,17.896337509155273,2
36.23065648512674,-4.369871420062155,0.8012270163949674,21.675912857055664,2
37.05598619677457,-4.960944037077704,0.0758751096926326,17.72597885131836,2
36.95979787823417,-4.292582790640099,1.6343768896485438,22.695707321166992,2
35.25171999999998,-5.0780759,0.3939547538757324,0.0,2
35.421426999999994,-4.0270313,0.7529281377792358,22.216432571411133,2
36.79557613611413,-5.199277831192348,0.3334885395029122,19.84613609313965,2
36.848436848145155,-4.8534370011412085,1.422917373099713,22.968252182006836,2
36.81470547850448,-3.927684698064073,1.0826471866386511,22.652402877807617,2
36.622795,-3.8225169,0.9310031533241272,23.31466293334961,2
35.69229787330987,-4.723787544167575,0.8913375992760862,21.520809173583984,2
37.08313186941629,-4.422088122605755,0.435704071447007,18.702228546142575,2
36.31706121498049,-4.647205512029256,0.8516776396442839,21.595867156982425,2
35.39894735493991,-4.73989580446075,0.6385350744649891,21.09917259216309,2
36.0873757842233,-3.92887544697971,0.4290670027092626,19.49414825439453,2
35.66342199999997,-4.4543281,0.7773622274398804,22.124608993530273,2
35.710333881611994,-5.014977141841188,1.4218779785522873,22.96567153930664,2
35.30059292864184,-4.772538086867889,1.1208132175470196,22.823598861694336,2
35.59740606929214,-5.190337187644977,0.9006019118347153,23.09206771850586,2
36.749667999999986,-3.926002,0.852672278881073,24.264415740966797,2
36.772170885170446,-4.629506187359368,0.0709624470022355,19.54509925842285,2
35.918901000000005,-3.5555775,0.7236721515655518,22.86758041381836,2
35.70651893531143,-5.157450982919888,0.158430868057257,18.723094940185547,2
35.41415384706926,-4.6856724519982995,1.001905745747703,23.04763984680176,2
36.926788785317385,-4.978106702602055,0.869992584113728,23.516347885131836,2
35.97265503913417,-4.58846960982482,0.9317372773156386,22.826183319091797,2
35.717297575405524,-5.617620454781345,0.9519432792732144,22.103981018066406,2
35.377774999999986,-4.3294735,0.8243565559387207,22.226205825805664,2
36.687744049257546,-3.910351679497011,1.2710052026943095,23.252033233642575,2
35.79830586849501,-3.499432984792712,0.2606458582014913,20.00748062133789,2
36.096082000000024,-3.7466783,0.8848645687103271,22.530776977539062,2
36.76932112894141,-4.856894670357084,0.4848783203162434,20.61965560913086,2
36.68666888621775,-3.6841004020773327,0.3280904023953213,18.791616439819336,2
36.52061143274863,-5.076780401895522,1.0717247758141244,23.26397132873535,2
35.2555914286322,-5.325224439774704,0.2917335360877782,19.547931671142575,2
36.00586299999998,-4.5004458,0.7994266748428345,0.0,2
35.427781169650885,-4.816542294746796,1.1122150495891154,23.149744033813477,2
35.85038438717802,-4.777946850186746,0.8649743608505657,21.910133361816406,2
36.431083022928455,-5.4267704947525655,1.231960485157823,23.689252853393555,2
35.06914034175856,-4.132816557877325,0.2533488598212481,19.788105010986328,2
36.71564599999999,-3.8161354,0.3343410193920135,20.447280883789062,2
35.42023799999998,-4.1315031,0.7972086071968079,22.203022003173828,2
36.0282253404592,-4.069287132507658,1.4161153299493157,22.66242027282715,2
36.41900900000002,-5.1795566,0.7705098390579224,22.397329330444336,2
36.06858799999998,-4.9435305,0.1922073811292648,21.64388656616211,2
36.785807932725504,-5.074324601352982,0.1491214887074468,18.129199981689453,2
35.05435196743312,-4.438772368405935,1.2816870424925648,23.32538604736328,2
36.14575897004375,-5.263429146383789,0.7789761243574794,22.60329818725586,2
36.0261682817979,-5.1244711064771655,1.0244937868316295,23.23939514160156,2
35.88665469939133,-4.386701352327833,0.2931855292336284,18.86092758178711,2
35.37948353904687,-5.512121726698783,0.0072371473061446,18.87327003479004,2
34.965715798435895,-4.417914182810897,1.1902954385639943,23.518327713012695,2
36.788881879537726,-3.832611791497333,0.6642905417730984,20.857013702392575,2
34.91559245309155,-4.541164582660154,0.1524887084065311,18.59256935119629,2
35.945805617239635,-3.941685735018702,1.0775249902276425,22.54300880432129,2
36.94057588278723,-4.069228578164242,1.06197626399552,23.034364700317383,2
35.92496599369884,-5.32166502590644,0.3299554601537871,18.976329803466797,2
36.958868391407435,-4.147879207980868,0.3372751010460795,19.48602294921875,2
36.287563999999975,-5.6528467,0.4857444763183594,21.14776611328125,2
36.37630743724002,-5.312538391360978,1.2638930191893072,22.77641868591309,2
35.97568915384568,-3.906107093432737,1.1721678716102664,22.931913375854492,2
35.64872080219598,-4.644769852077099,1.074363836040608,23.399673461914062,2
36.65588818783046,-5.413246812109712,1.5952207971441914,23.4526424407959,2
35.60314728038833,-5.262299038270162,0.8614357240688032,22.344818115234375,2
35.39963580827086,-5.296664247093755,0.3955692445437689,19.07935333251953,2
35.665469826392844,-5.399467840293892,0.1428801880721381,17.864084243774414,2
35.141008280586306,-4.623999054465905,0.1780785114470836,19.18918228149414,2
35.381814239619985,-5.483469276621852,1.0319875826153604,22.46635627746582,2
35.44329253955221,-4.648696216207753,0.31765988306636,19.395849227905273,2
35.82573908356582,-5.523643549448938,1.6281839196153545,22.86977767944336,2
36.914237007997066,-4.035778142160109,0.1411325970579733,17.71919059753418,2
36.47595670195846,-4.913884091768511,1.1899650708691447,23.288368225097656,2
35.58922816187242,-3.913692320982282,1.5604918068778473,22.806236267089844,2
36.78490664774893,-3.8117111379409927,0.0980644118425011,21.218137741088867,2
35.890291055739006,-4.940936032633843,0.8259697329360375,21.35696601867676,2
36.74223389393302,-5.240813233191034,0.6486280489428764,20.220075607299805,2
35.248135881755836,-4.095412322243369,0.7695704483880025,22.804731369018555,2
35.82897921725832,-5.383815821021025,1.4943038812881106,23.39943504333496,2
36.394902,-3.8249342,0.5746418237686157,22.284936904907227,2
36.17420299999998,-4.0137252,0.5325893759727478,22.69063186645508,2
35.529864899145295,-3.668404728387967,0.0567261775682386,19.978044509887695,2
35.37589713487083,-4.809043647570168,0.1530206457429826,16.26389503479004,2
36.232649706923475,-3.623272998584727,0.2084835927107338,18.566801071166992,2
34.99057299999998,-4.4335825,0.93492990732193,22.365713119506836,2
36.53245975419544,-3.9482467796915097,0.3170292645553165,19.76883316040039,2
36.53152227091984,-3.774310574940788,1.6160045541416992,23.065162658691406,2
35.04407052782295,-4.864014370575662,1.263501280969843,22.99525260925293,2
35.51753204377097,-5.035109540962883,0.1553468561176054,18.467927932739254,2
36.86596700000001,-5.139148,0.8803354501724243,22.7049617767334,2
35.979185681746266,-3.7658525120837982,0.2880635687897112,19.481794357299805,2
35.759236999999985,-3.6316013,0.5294449329376221,21.95039749145508,2
34.992614083312866,-4.242677372367958,0.5008020883512453,19.697246551513672,2
37.08922451576989,-4.431798439077604,0.4354536889679694,19.644540786743164,2
35.21471806208809,-4.637192937168316,1.623605419667293,22.29664421081543,2
36.260718904799994,-5.189741638311007,0.149318575737247,19.703205108642575,2
35.72134950186618,-4.625029371369993,1.5827080987501951,23.4788761138916,2
36.205475716690664,-5.0209514560768795,1.458315987018213,22.709733963012695,2
35.99736685551934,-4.440741078741495,0.6532559401719226,22.97015953063965,2
35.643245426197396,-4.575181313634946,0.9104994354632944,22.62083625793457,2
36.92187887596391,-5.030053851806856,0.1993676848927091,20.058837890625,2
35.64868200000001,-5.229094,0.2357741594314575,21.380495071411133,2
35.56519960249738,-3.547718102599591,0.8023185981842242,21.920166015625,2
36.46185374651108,-4.316744679747532,1.3532623598301272,23.529251098632812,2
36.52622673152859,-3.730052384393075,0.7022188936085821,21.670345306396484,2
36.56989439688897,-4.5241371946062525,0.1721802094910155,19.70869255065918,2
36.63107500000001,-5.4512543,0.6898900270462036,22.04840850830078,2
36.606570750632066,-4.296022515152966,0.4369082701451527,22.934507369995117,2
35.69090227356702,-4.904317467217773,0.1394021082533574,20.094390869140625,2
36.11948799999999,-4.6531868,1.3723801374435425,0.0,2
36.41949234371071,-3.623392261124901,0.8575803852909615,21.591127395629883,2
35.122731419188746,-4.121987722518698,1.0656520424035365,22.77405166625977,2
36.302767882468885,-5.547451228211354,0.0532616419524442,19.480941772460938,2
35.415465486638496,-5.298045308963717,0.3621223677195642,20.200056076049805,2
35.241253280580096,-5.313192512470848,1.063359938327794,23.532880783081055,2
36.465912729254285,-4.359670928916793,1.5640369481300154,22.910707473754883,2
36.02206138248111,-4.564685302878541,1.372958982596688,23.760034561157227,2
36.3646653465097,-4.709487375279441,0.8205750118085449,20.66145896911621,2
35.633769704931396,-4.08636365810935,0.1419467352077359,18.635761260986328,2
35.207920757024226,-4.05816990164431,0.1706769199648118,20.02058982849121,2
36.739357162450915,-5.062143637059843,0.1453353302549466,19.118059158325195,2
36.05777314248729,-3.5314874473961972,0.1386591567100136,18.839540481567383,2
36.24280646324838,-5.456712194448417,1.1735306177480798,23.744543075561523,2
36.36049384884229,-3.5319063805060993,0.1037782850466574,19.51429557800293,2
36.245307027014995,-3.795672171602116,0.0879139167681068,16.81804656982422,2
36.3455059856502,-4.839924559150648,0.8554281185618913,22.9538516998291,2
36.646759516639904,-5.392008133230818,0.5074683474850707,19.629241943359375,2
36.813152076021744,-4.172419305347878,0.8547912103171679,22.564661026000977,2
35.648959606500014,-3.58805865431787,0.8273814429685161,22.854793548583984,2
35.57763630922624,-4.136474701981137,1.2524379788568043,23.763118743896484,2
36.79565000000002,-5.3052869,0.8796168565750122,22.964765548706055,2
36.56972914894301,-3.783875872114799,0.5579972014496921,20.242650985717773,2
36.63688239603882,-5.008636519742198,0.497321107187515,19.351531982421875,2
36.064086328403434,-3.646154834272084,0.8015534912560986,21.936805725097656,2
35.54482447231299,-4.246181183750163,0.1869124914677041,19.073577880859375,2
36.010342942687934,-4.650225817365224,0.8969206257453474,22.435321807861328,2
36.059954145865824,-3.62505026912514,0.4214828490546218,22.313600540161133,2
36.935607508388976,-4.00319319473401,0.2531980288302905,19.39878273010254,2
36.87711583825472,-5.242369609546424,0.5197716478933858,19.960180282592773,2
37.01831626845696,-4.437920261447335,1.5656869419666604,23.4033203125,2
35.64570232307117,-5.408583651107943,0.3258119124987118,19.33419418334961,2
35.874829100855635,-5.086369604954499,0.8592310987951777,22.81985664367676,2
36.660904000000016,-4.0908341,0.8783911466598511,0.0,2
36.4570848294989,-3.743749435517583,0.0879084645552336,19.46452522277832,2
35.90946986668733,-4.411831147719537,1.058059046049892,22.95450782775879,2
35.664405999999985,-5.599112,0.4896521866321563,0.0,2
36.15224031645525,-3.489285362180395,0.1183725932326956,18.31867027282715,2
36.19050521076695,-5.2904698831002985,1.3559377829388692,23.325395584106445,2
36.7115823486066,-5.130302912385159,0.2826116238842145,21.075071334838867,2
36.48333100000002,-4.4082486,0.9232071042060852,22.331151962280273,2
35.88761836928145,-5.538717505551903,0.2546795887501824,18.146224975585938,2
36.00155637150041,-5.039406515928948,0.8229066278163596,23.087202072143555,2
36.84443014850662,-4.396090899694197,1.268089589123453,23.619264602661133,2
35.87726154028301,-5.371574655498612,0.7239462478604783,21.93597412109375,2
36.73508497584135,-4.441408488822394,0.8860112281284382,22.954030990600582,2
35.94444599999997,-4.1270408,0.952225148677826,22.31540298461914,2
36.01744635738123,-3.7072465349350336,0.6735946516347685,21.152246475219727,2
35.68126699999999,-5.1143489,0.8497360944747925,23.751123428344727,2
35.700873373259796,-4.849702326467301,1.362890838000498,23.31923484802246,2
36.213114267101695,-4.848079314188301,0.1512160073340001,20.182836532592773,2
36.121531876464175,-3.792133291293393,0.5328570873688072,20.139406204223633,2
35.78693806081439,-5.4328880904467045,1.0128370178220971,22.91156005859375,2
35.66223523896777,-4.157324369862859,0.1452185309633365,19.95766830444336,2
35.747734332663505,-4.447261111306762,0.8089571041753075,22.51777076721191,2
36.27138600000001,-5.6133779,0.6823500990867615,21.437116622924805,2
36.60641099999998,-4.7446132,0.676726222038269,22.16834831237793,2
36.7524094040521,-5.2409949696109095,0.8621252437237809,22.92668914794922,2
35.38127306196239,-4.001689738628852,0.1681014664211101,19.381093978881836,2
35.75491453169161,-4.254726526546509,0.2289014185724439,18.300506591796875,2
36.02870899999999,-4.6150689,0.7592971920967102,0.0,2
36.076121370052654,-4.8632584076548495,0.8522660169002106,23.064062118530273,2
35.21107254463648,-4.938031170460657,0.7909892857662794,21.650413513183594,2
35.32976764289335,-4.428672476179497,0.8450495817102451,23.09048843383789,2
35.480118000000004,-4.0478592,0.7950236201286316,0.0,2
36.21755482832922,-5.1012261071901985,1.061776586903787,22.486427307128903,2
36.46337269261488,-5.440882968295938,1.1837975868906436,22.625062942504883,2
35.347721539297204,-5.020683272355554,0.1377638461543452,19.36276054382324,2
36.055069,-3.8138471,1.0446840524673462,22.334386825561523,2
36.31945691210959,-5.434119671663311,1.0093248284129086,24.080001831054688,2
35.50104834179661,-4.533386457345363,0.7197692179556633,22.30450439453125,2
35.79227000000003,-4.0991125,0.9010363817214966,22.262252807617188,2
35.91929600000003,-4.3357658,0.8060699701309204,23.033138275146484,2
36.10819746287743,-5.088428323226039,0.4965030710321508,20.222198486328125,2
35.303133119519956,-5.4367228921989685,1.4575883835722612,22.91785049438477,2
35.89003643820786,-5.605226669599155,0.1426233460170482,19.464183807373047,2
36.82297650877241,-4.434107290636378,1.0386695059821356,23.617563247680664,2
36.40103100218965,-4.6045044328706775,0.8249741230247468,22.9935302734375,2
36.75082017458831,-5.265370399646996,0.3178704743104406,20.159791946411133,2
36.270136252102155,-5.241440897600965,0.9648634125463452,22.803865432739254,2
36.58632332872506,-3.843924529611584,0.3169989816520047,20.228240966796875,2
36.48297294601628,-3.949783742498038,0.9972283084757008,23.76030921936035,2
36.28919873714331,-5.360339059733516,1.4504906246025826,23.371217727661133,2
35.979235420968614,-3.689260093319471,0.8094574078229987,22.36941909790039,2
36.30552880254807,-5.52637954443022,0.2933836445941327,18.764060974121097,2
35.280852992452736,-4.071233090447322,0.8501751915810309,22.45079231262207,2
36.87091859200075,-4.181116213831635,0.5850654167009108,21.147029876708984,2
35.489575,-4.6906957,0.7329587936401367,22.563779830932617,2
35.48208156938782,-4.317306401321365,0.3234326163241341,19.047466278076172,2
36.323028274365946,-3.7779113435788583,0.3009796527603697,18.803133010864254,2
36.43405334644597,-5.21481103909289,0.1491726912005314,17.57012939453125,2
35.11843875056043,-4.806537859510299,1.1926761539026776,23.48988914489746,2
35.534772650806474,-4.367689820487318,0.2879888406834427,19.372493743896484,2
35.56910875343672,-3.618779102955651,-0.0002595382249941,21.85777473449707,2
35.47366073147103,-4.39416975001964,0.9274447012294508,23.069416046142575,2
36.22510254146848,-4.9657854290297125,0.6470731315736687,20.503734588623047,2
36.789333,-4.1661425,1.348931908607483,22.59541893005371,2
36.34256057395723,-3.640597805446739,0.9751927903730396,23.149484634399418,2
35.80161879299496,-4.160507312109412,1.4941474071694705,22.97100257873535,2
36.427074000000005,-5.1446737,0.7932908535003662,22.23423194885254,2
36.753124000000014,-4.6721382,0.8006764054298401,22.86325454711914,2
35.25657199998913,-5.348115806320419,1.3178811829580956,22.32531356811523,2
36.62402503300338,-4.531879652323608,0.8645100734539898,23.332992553710938,2
35.27504699999997,-5.1397018,0.7766363024711609,22.752395629882812,2
35.51536020382058,-4.130810866871333,1.033477036811699,22.314062118530273,2
36.287357302769934,-3.684277135195015,1.0583146109026866,22.46887969970703,2
36.97261405877716,-4.862504563595906,0.2935296327696282,19.5607852935791,2
36.61744368608568,-3.892810462326133,0.2633447698551196,19.200775146484375,2
36.30466918014072,-5.572697147990028,1.3644143267450264,23.333683013916016,2
35.35341342748528,-4.411975159954529,0.9123231762034008,22.482685089111328,2
36.18746272340634,-3.9110505500321473,0.6151455071096459,21.07269287109375,2
35.21684264975147,-4.080417749411592,0.7547150808010898,22.211334228515625,2
35.040910999999994,-4.0845145,0.056354783475399,21.78104591369629,2
35.04806281109162,-5.0813158942766306,0.870648747421994,22.78554916381836,2
36.35297361009119,-4.679217968237634,0.2639298742600668,17.437448501586914,2
36.876035406821416,-4.006361750903524,0.3096368252153471,20.012672424316406,2
35.99674783886046,-3.67158739785232,1.0882958954659974,23.270797729492188,2
35.79421492974496,-3.504466365236011,0.6149509079523446,20.52558708190918,2
35.68380951260512,-4.555071515349835,1.4800474515681508,23.65041732788086,2
35.876265750162574,-3.9023354903155343,1.2643934893088722,22.48541831970215,2
35.59603674839476,-5.202652801360263,0.8412954038060045,22.37694549560547,2
35.783869767880425,-5.157187528417435,1.204132486380189,22.682464599609375,2
36.35365898559827,-3.79319487618186,0.2976251334509736,18.91183853149414,2
35.5823294821666,-4.448719282760649,0.6003636243704159,20.886594772338867,2
35.42361621230529,-5.358216176540112,0.8647863353479149,22.990995407104492,2
36.25700377611218,-3.517910520017104,0.174802460211122,19.14121437072754,2
35.57945791512605,-5.096421905879207,0.9961333604504798,22.175636291503903,2
36.10858180582105,-5.189503306730994,0.1993391697797181,19.5125789642334,2
35.49271040774715,-4.566476586824544,1.4883076066523049,23.213706970214844,2
35.78528208426871,-5.102434270749131,1.4047241353028552,23.24651527404785,2
36.234391432767815,-4.749919687843455,1.4139282772152308,23.641582489013672,2
36.46120400000001,-4.2554892,0.9532133340835572,21.41060447692871,2
35.426458000000025,-4.3013576,0.2373272180557251,21.874168395996097,2
35.7352854345031,-3.9758624228192128,1.318441744074761,22.952119827270508,2
35.760445408300015,-5.5975241393867865,1.1326809179890618,23.18737030029297,2
35.005371250951875,-4.491946951794988,0.1514220907600728,18.35409164428711,2
36.967986565635854,-4.032843645798019,0.2939902655080202,19.457984924316406,2
36.50008600000001,-5.2380594,0.5131024718284607,20.90279960632324,2
36.61939800703118,-5.174498642458144,1.3240324103440104,23.094879150390625,2
36.23159685605307,-4.531603644293508,1.559683067492206,23.096939086914062,2
35.128529309586334,-4.297128817267065,0.5026171165962201,19.30484962463379,2
35.25535225378616,-3.785599090613272,1.2380728188866144,23.08304977416992,2
35.62405387732982,-5.008256638111143,0.0693134146382408,22.12297248840332,2
35.611797000000024,-3.950732,0.7688601016998291,23.42904281616211,2
35.933914000000016,-4.3249679,0.7004548907279968,21.719053268432617,2
35.386246008867964,-4.952059511686753,0.0699907701184551,18.898290634155273,2
35.72248633184647,-3.674553800703194,0.0953865847706899,19.38830184936523,2
35.85409570640287,-4.449851778827261,0.1896567425064015,19.002948760986328,2
36.07811141036471,-4.975327472417229,1.0865981856069165,23.157564163208008,2
35.95370494609775,-4.201072199671649,0.3481475350365725,19.587961196899418,2
36.83668,-5.3258008,0.4915817677974701,22.001522064208984,2
36.02088542942205,-4.995136803433055,0.2273283357650759,18.762231826782227,2
37.03559064534135,-4.241121883148473,0.2096788478470335,19.170137405395508,2
36.04683747581921,-3.923012545914134,0.379555959131345,20.01986312866211,2
35.326520747576254,-4.705672222879888,1.5700174910665488,23.004337310791016,2
35.71618251515397,-3.697699997401302,1.5924901984465074,22.929698944091797,2
35.702029146380575,-5.298845779717656,1.365932026920918,22.021390914916992,2
35.372760099987026,-5.124910162543952,0.7807480150421575,22.943462371826172,2
35.168511290187475,-4.8695415661415264,0.6386161898417847,20.89882469177246,2
36.85158525822281,-4.812697094892729,0.8126808258397378,23.087745666503903,2
36.6030273836922,-5.401629956593907,0.9997698886218837,22.6112003326416,2
35.279720121527596,-4.01172298829103,0.8500511364745417,22.17299461364746,2
35.70948940200851,-3.511643137064799,0.5704239820977282,21.181488037109375,2
35.840858087458216,-4.704561837500073,0.230836801311593,19.97852325439453,2
35.22525839357897,-3.96214708031464,0.8496604389698291,22.51344108581543,2
35.15072775238568,-5.0003193228063,1.0908989739041657,21.79887008666992,2
36.86055915125028,-5.205641432313858,0.49597671685599,20.109643936157227,2
35.22795947506971,-4.737442046417537,1.1131510953216572,22.99695205688477,2
35.41526016987635,-3.7108480542324136,0.1647025235803348,17.01613426208496,2
36.33551958166895,-4.090325528704678,0.9975142312915976,22.688251495361328,2
35.950929418259946,-4.697425269453921,1.3971433472731132,23.272245407104492,2
36.45688200000001,-4.1533632,0.9779613614082336,22.164628982543945,2
35.72364068260601,-4.6354358288215085,1.4054891931225395,22.00468635559082,2
36.30019600000003,-5.4024776,0.2952010333538055,19.3980655670166,2
36.55384278048173,-4.030633340624683,0.6905026221215692,20.692781448364254,2
36.08920605027459,-4.7484403679849905,0.4944938590601553,20.467853546142575,2
35.54621500000002,-3.5815178,0.8052579164505005,22.493927001953125,2
36.32481253315088,-5.549381654416463,0.807418834261924,23.46195411682129,2
36.150578,-4.520546,0.8830403089523315,23.097984313964844,2
35.10005871693522,-5.087724742626655,0.7163965898773665,22.010696411132812,2
36.145433610325334,-3.489369829380368,0.773528042537909,23.149158477783203,2
35.715653005223004,-4.318167059953582,1.2190236769961424,22.270980834960938,2
36.314711927567664,-4.151495120557655,0.3048354643579261,19.45735740661621,2
36.96368767759891,-4.17022179325153,0.0421779719946728,19.18241310119629,2
36.24318969507983,-5.034343762539151,1.1838217948999026,22.54212760925293,2
35.250602000000015,-3.8348392,0.7505631446838379,22.485700607299805,2
36.23770300000001,-3.5803829,0.2977378666400909,22.84557723999023,2
35.481985737322276,-4.212371845320452,0.1884265501104842,23.57558822631836,2
35.43930894999412,-4.67307807570739,0.3157814965740593,18.99766540527344,2
36.141761329517976,-5.021222377876746,0.3244683388212191,18.596345901489254,2
35.86742912371491,-4.2567088352728675,0.6272470527244169,19.866256713867188,2
35.55127484444285,-4.998231346814173,1.430371334589993,23.50882148742676,2
35.01560879,-4.04833714,,,3
35.15454707,-4.50376881,,,3
36.46863224,-4.48491484,,,3
36.67149673,-4.80399866,,,3
35.64591655,-5.48164478,,,3
36.31098134,-5.22812457,,,3
36.34138904,-5.44618911,,,3
36.70773993,-5.33318596,,,3
35.69047796,-5.24362972,,,3
36.96441553,-4.14797126,,,3
35.60812858,-4.42487219,,,3
35.95847494,-3.4786156,,,3
36.57441163,-4.74122199,,,3
36.5481443,-5.17922542,,,3
35.57028372,-5.24331625,,,3
36.57502385,-5.10467049,,,3
36.4396212,-4.57916213,,,3
35.53936857,-3.7875469,,,3
35.51157389,-4.22849232,,,3
35.95034997,-3.92065431,,,3
35.86870202,-5.02542285,,,3
36.62801797,-4.99776417,,,3
36.57827462,-5.11419675,,,3
36.44346749,-5.44547968,,,3
36.72882696,-4.43814875,,,3
34.95474637,-4.37752724,,,3
35.67048898,-3.50890554,,,3
35.12541842,-4.443595,,,3
35.69492779,-5.58194368,,,3
35.63714487,-4.90890939,,,3
37.03692857,-4.80993698,,,3
36.37896002,-5.0037984,,,3
35.29328206,-4.54442155,,,3
35.49296259,-5.39166424,,,3
36.63677263,-3.96145673,,,3
36.28059492,-5.40920891,,,3
35.11506096,-4.73384443,,,3
35.21041911,-4.53200865,,,3
35.50707812,-4.73041303,,,3
35.04499062,-4.24696588,,,3
35.69269434,-4.24746492,,,3
35.56290677,-4.03786958,,,3
35.49630528,-3.63419935,,,3
35.07204619,-4.27967465,,,3
36.61728413,-4.93426595,,,3
35.86436305,-5.28193447,,,3
35.91490413,-4.56773562,,,3
36.34493479,-4.77543725,,,3
37.02879519,-4.18533894,,,3
35.31296252,-3.89674485,,,3
36.08030851,-3.61368798,,,3
36.75150474,-5.40059739,,,3
35.51005304,-5.06336727,,,3
36.0329054,-4.20920504,,,3
35.72099954,-5.62339106,,,3
35.77473995,-5.41604524,,,3
35.45983896,-5.17520006,,,3
35.73500621,-4.56405874,,,3
36.32803636,-4.65807856,,,3
36.78271398,-5.30372049,,,3
35.48581718,-4.72883708,,,3
35.90163336,-3.48327265,,,3
36.43772905,-4.62668217,,,3
35.19528273,-4.95493546,,,3
35.7052587,-4.20036639,,,3
35.76129894,-5.65983218,,,3
35.44834629,-5.20436619,,,3
36.89493302,-3.98728004,,,3
36.58880262,-3.90844466,,,3
35.55930971,-5.11741478,,,3
35.08913318,-5.18491625,,,3
35.34172018,-4.01729015,,,3
35.89648928,-4.17116816,,,3
36.63204695,-3.72151466,,,3
36.25928935,-4.17421687,,,3
36.93012734,-4.65049829,,,3
36.81695343,-5.12406911,,,3
35.83105931,-4.28033301,,,3
36.41539779,-4.26981563,,,3
37.03234058,-4.95119156,,,3
36.77395163,-4.82259277,,,3
36.8688968,-4.28778581,,,3
36.110839,-5.07470044,,,3
36.81299448,-3.95667211,,,3
35.8615913,-5.31809833,,,3
36.72968544,-5.07923533,,,3
36.55017716,-4.75391105,,,3
36.02027693,-4.12898335,,,3
35.70860375,-4.50502723,,,3
36.12367195,-4.44968528,,,3
36.35132303,-3.62725931,,,3
36.14819396,-5.62420911,,,3
36.62941974,-3.81164329,,,3
35.46478973,-4.06932285,,,3
35.13782464,-4.67618937,,,3
35.96105639,-3.48637301,,,3
35.79643776,-3.64369476,,,3
36.14508777,-5.49522731,,,3
35.72170683,-4.75394898,,,3
35.72690618,-4.82126906,,,3
36.40468122,-5.47698745,,,3
34.87913446,-4.43835702,,,3
37.06412041,-4.43791149,,,3
35.91109381,-3.87281935,,,3
36.12505116,-3.92886925,,,3
36.90859103,-4.42928069,,,3
36.30383812,-4.19925542,,,3
35.57575244,-4.9217241,,,3
35.98075098,-4.4218184,,,3
35.26534937,-4.46691461,,,3
37.05463289,-4.9138381,,,3
35.61116592,-5.4536291,,,3
35.76788268,-3.84838495,,,3
35.7500266,-5.01624594,,,3
36.48156275,-5.07875346,,,3
35.95269106,-4.35182851,,,3
36.54657916,-3.69115758,,,3
35.20095081,-3.89600505,,,3
35.77149682,-3.48177892,,,3
36.55454255,-4.85599719,,,3
36.39014291,-3.54610523,,,3
36.85635722,-4.52116096,,,3
35.71825036,-3.74484994,,,3
35.98194266,-4.50987791,,,3
34.96105131,-4.62179122,,,3
35.29885967,-5.14651398,,,3
36.9399338,-4.82159663,,,3
36.71287037,-4.97593637,,,3
36.6954768,-4.76016332,,,3
35.55147466,-5.59766496,,,3
36.50613795,-5.35464459,,,3
35.68789756,-4.87273703,,,3
36.80834832,-4.80070984,,,3
36.19655207,-5.36604335,,,3
36.22629767,-5.37474132,,,3
35.05196273,-4.79414726,,,3
34.98605129,-4.09042586,,,3
35.40851626,-4.76891533,,,3
36.05915634,-3.56030218,,,3
35.92143889,-5.1439424,,,3
35.4173802,-4.16797522,,,3
36.16584983,-3.81536114,,,3
37.08259254,-4.35677603,,,3
36.57880884,-4.27930737,,,3
35.2075395,-4.63071376,,,3
36.81318225,-3.90316179,,,3
35.64014825,-3.98731621,,,3
35.35477574,-4.19162865,,,3
35.75374071,-3.80059163,,,3
36.83459741,-5.30898987,,,3
35.77652463,-4.27739121,,,3
36.46321302,-5.40688946,,,3
35.34752465,-4.96467552,,,3
35.40095135,-3.94988097,,,3
35.38785766,-4.71418141,,,3
36.62587114,-3.93558864,,,3
36.08015816,-4.9146245,,,3
35.96652233,-3.51577267,,,3
36.66924765,-4.76872109,,,3
36.72358611,-5.06688054,,,3
36.01742854,-4.12249427,,,3
35.55411374,-5.59829069,,,3
35.29533983,-3.76191468,,,3
36.16582489,-4.02063536,,,3
35.58324161,-5.31975359,,,3
36.15460784,-3.59132873,,,3
35.80368771,-4.10675364,,,3
36.99861875,-4.89224902,,,3
35.00707528,-4.84670164,,,3
35.39017687,-4.32612972,,,3
35.89474717,-3.47859972,,,3
36.50863926,-3.81838193,,,3
36.01169968,-5.37410577,,,3
36.50157375,-5.49744794,,,3
35.01264698,-4.29201752,,,3
35.33307347,-4.79846329,,,3
36.05672723,-4.95659798,,,3
36.8535295,-4.19179587,,,3
35.95152242,-5.15360061,,,3
36.74071225,-5.04493217,,,3
35.04236627,-4.5837804,,,3
36.07112055,-3.72003206,,,3
36.38129724,-5.34961592,,,3
36.52162152,-3.93378554,,,3
36.58259091,-5.15471957,,,3
36.26902116,-5.279016,,,3
36.89373625,-5.23487861,,,3
36.43359907,-3.94113731,,,3
37.10326218,-4.69502161,,,3
35.25222595,-5.10782204,,,3
35.4402734,-5.23411621,,,3
36.15408197,-4.88625284,,,3
35.12842043,-3.8828611,,,3
36.58329926,-5.28362965,,,3
36.69599667,-4.37224664,,,3
35.55009967,-4.34263422,,,3
36.24686376,-4.28409582,,,3
35.10239542,-4.34901595,,,3
35.5465562,-5.59830943,,,3
35.10571129,-4.2387068,,,3
35.77470029,-4.14336727,,,3
35.98304742,-5.0980098,,,3
35.82983968,-4.80242951,,,3
36.8932435,-3.95410467,,,3
36.69472479,-5.08153919,,,3
35.86763161,-5.24591911,,,3
35.9356749,-3.96941565,,,3
36.55649081,-5.2817683,,,3
35.16331604,-4.58174866,,,3
35.45788335,-4.98857766,,,3
36.95679611,-4.81288521,,,3
35.66786072,-4.08375344,,,3
35.57304985,-5.11766649,,,3
36.08061878,-3.80237952,,,3
36.13451811,-5.03701225,,,3
35.59978883,-4.19063709,,,3
36.24643901,-3.85749935,,,3
36.22301016,-5.38404365,,,3
36.77311508,-4.43852934,,,3
35.8176804,-5.034366,,,3
36.14972012,-4.03013574,,,3
35.56520214,-4.33670653,,,3
35.8264624,-4.83191773,,,3
36.3646512,-4.70951375,,,3
36.23283537,-3.47921573,,,3
36.29506056,-3.71126337,,,3
35.68230705,-5.54074107,,,3
36.31799184,-3.57305319,,,3
36.31045219,-4.4801643,,,3
36.88657867,-3.98750803,,,3
36.71549351,-3.93824497,,,3
36.46855168,-3.88976608,,,3
35.92668814,-5.25330676,,,3
36.62392826,-4.90912086,,,3
36.14052396,-5.44919298,,,3
36.75120541,-4.57550319,,,3
36.24909679,-4.62172236,,,3
35.15319431,-5.17756859,,,3
35.34702178,-5.40832194,,,3
35.34277997,-4.69825088,,,3
36.08675221,-4.7912579,,,3
35.86489901,-5.11883754,,,3
36.40446083,-3.92212917,,,3
36.73656375,-5.01852797,,,3
36.15781365,-4.11756567,,,3
36.45810567,-4.78661363,,,3
37.03232988,-4.79090485,,,3
35.14290254,-4.56735074,,,3
36.73036275,-5.34923678,,,3
36.91915835,-4.55660544,,,3
36.42843362,-4.34019316,,,3
36.94056485,-5.06797712,,,3
35.59556294,-3.99944628,,,3
36.49661604,-5.21237574,,,3
36.02363071,-4.6367213,,,3
35.79666898,-4.5771031,,,3
36.28525786,-4.2053794,,,3
35.82121206,-4.51881072,,,3
35.72973715,-5.30697899,,,3
37.06547561,-4.48119625,,,3
36.82767771,-4.32544596,,,3
34.95363577,-4.95172534,,,3
35.69840957,-5.32143961,,,3
35.71866051,-4.12404275,,,3
35.27535165,-4.30780073,,,3
35.73061023,-3.79731254,,,3
35.74557996,-4.11154345,,,3
35.51516078,-3.95788358,,,3
36.79580363,-4.93852261,,,3
35.55419711,-5.32972312,,,3
36.65143838,-5.17738097,,,3
35.28649834,-5.16113962,,,3
35.49552923,-5.35210877,,,3
36.34050829,-5.36182424,,,3
37.0261757,-4.18927334,,,3
36.15809538,-4.25530651,,,3
37.02357322,-4.19214852,,,3
35.29861795,-4.83303723,,,3
34.90727267,-4.66891185,,,3
35.7266135,-4.57288021,,,3
35.87627048,-3.46917157,,,3
35.69802098,-5.4955184,,,3
35.77525823,-5.47788738,,,3
35.13417809,-4.2223958,,,3
36.67325997,-4.11599729,,,3
35.65837357,-4.02869458,,,3
35.5519873,-3.95216492,,,3
35.42342273,-5.3036288,,,3
36.35938389,-4.94378521,,,3
36.45017386,-5.28504227,,,3
36.41998401,-4.92049949,,,3
35.77992972,-4.61749577,,,3
36.64414189,-5.25786513,,,3
37.10316259,-4.40782329,,,3
36.75756274,-4.30270258,,,3
36.20992293,-3.7829787,,,3
36.18777939,-5.64622306,,,3
35.23662979,-5.35167323,,,3
36.52009709,-4.76140847,,,3
36.52704545,-3.82318764,,,3
35.45781621,-4.80411934,,,3
35.01974466,-4.42666782,,,3
35.66719159,-4.25801987,,,3
35.2825859,-4.26089164,,,3
36.53493209,-3.65037164,,,3
35.96785789,-3.93465565,,,3
35.23916979,-4.59551348,,,3
36.38669404,-3.98956401,,,3
35.61186569,-3.70061438,,,3
35.9858986,-3.52308093,,,3
35.47926711,-3.97845283,,,3
35.9495538,-3.99564694,,,3
36.26114511,-3.58989371,,,3
36.59916803,-5.21738237,,,3
35.69020793,-5.29797939,,,3
36.96784787,-4.34219347,,,3
36.29741829,-4.89344378,,,3
36.63367672,-5.22678717,,,3
36.17982796,-5.09493225,,,3
35.95369469,-4.06125175,,,3
35.49110843,-4.75762878,,,3
35.83731036,-3.91411456,,,3
36.15080341,-4.19933192,,,3
36.81372575,-5.03479005,,,3
35.22663554,-3.89365993,,,3
35.48698759,-4.22856933,,,3
35.9231444,-5.55395887,,,3
35.32436992,-5.28839262,,,3
35.28448278,-4.70480484,,,3
35.52527919,-4.12955155,,,3
36.12289919,-5.22335141,,,3
36.82420415,-4.98499379,,,3
35.99866112,-4.1866133,,,3
35.54842016,-3.58972904,,,3
35.39086901,-4.95300334,,,3
35.39350446,-4.4499719,,,3
35.36266649,-4.4424016,,,3
36.47223554,-5.04411811,,,3
36.077112,-5.69688401,,,3
35.7171642,-4.69484075,,,3
36.17404358,-4.94286095,,,3
34.95859516,-4.47301167,,,3
35.99898568,-3.69785781,,,3
35.62027601,-3.52412613,,,3
35.73664484,-4.72039068,,,3
35.40005083,-5.29473201,,,3
35.32443216,-3.7919211,,,3
36.86536383,-5.27283435,,,3
36.48773685,-5.14027204,,,3
36.282486,-4.14660063,,,3
35.72244478,-4.14677389,,,3
35.21106015,-4.91835071,,,3
36.10057939,-5.35366445,,,3
36.24138985,-4.19934299,,,3
35.4924704,-3.76206598,,,3
35.17886061,-4.23381101,,,3
36.71239081,-4.33172469,,,3
36.04738742,-3.96131212,,,3
36.17574295,-5.47981788,,,3
36.79989001,-4.98819569,,,3
35.98208998,-5.20874935,,,3
36.68549657,-3.84919169,,,3
35.81486429,-4.1133132,,,3
35.41153689,-4.11174522,,,3
36.17850264,-4.85149391,,,3
36.42212711,-4.98457771,,,3
35.7717621,-5.32460751,,,3
36.08505658,-4.43101826,,,3
36.98883272,-4.58445882,,,3
36.36052315,-4.05140743,,,3
36.62767752,-4.41278788,,,3
35.92653224,-4.30989567,,,3
35.28136613,-4.18091139,,,3
36.59334129,-3.96119471,,,3
35.74980023,-3.75737942,,,3
35.37136919,-4.26036484,,,3
36.60369036,-3.62328352,,,3
35.72208663,-4.32900438,,,3
35.65863165,-4.50723106,,,3
36.75992143,-4.85516241,,,3
35.34489614,-3.86432371,,,3
36.7232783,-4.71052696,,,3
36.30128723,-5.29544493,,,3
36.72534144,-4.53341792,,,3
36.50193338,-3.76021331,,,3
35.88715966,-4.4853849,,,3
36.08035784,-5.00987714,,,3
36.21748918,-5.09321434,,,3
35.68272818,-5.03636983,,,3
35.72727251,-5.28347076,,,3
35.3824396,-3.70625406,,,3
35.11521424,-4.60854684,,,3
35.71256528,-4.60442973,,,3
36.83450659,-4.6609697,,,3
36.37619407,-3.77832504,,,3
36.40623376,-5.33540593,,,3
35.90522066,-3.77080652,,,3
35.49361311,-4.63134132,,,3
35.51662352,-4.79816701,,,3
36.01620677,-5.68311843,,,3
36.05435237,-4.57657005,,,3
35.46323836,-3.63283399,,,3
36.52456824,-4.48771274,,,3
35.58712585,-4.76220412,,,3
35.69918862,-4.45771608,,,3
35.90996076,-4.31452466,,,3
36.76692411,-4.84513194,,,3
35.40948496,-5.50891907,,,3
36.90040467,-4.95767256,,,3
36.11880515,-3.72171673,,,3
35.19340404,-4.3905392,,,3
36.08007528,-5.05145378,,,3
36.00325847,-4.9453384,,,3
35.84549995,-4.99326266,,,3
35.96769184,-3.76890168,,,3
36.49568186,-3.56579126,,,3
35.27084658,-4.75797736,,,3
35.51889989,-5.2886725,,,3
35.15832244,-3.95931444,,,3
36.49103767,-4.03751855,,,3
36.4140028,-3.53861651,,,3
35.77912833,-3.7717703,,,3
35.44912109,-4.15108348,,,3
35.03970181,-4.68756076,,,3
36.4191971,-3.79454554,,,3
35.9265284,-4.47615219,,,3
36.69122959,-4.95977442,,,3
35.70149248,-5.60449071,,,3
35.21265681,-4.16930639,,,3
36.94749411,-5.15964738,,,3
35.70853543,-3.91333644,,,3
36.11334752,-4.83422732,,,3
35.56810663,-4.33547681,,,3
35.06889666,-4.5357898,,,3
35.53538556,-4.20786489,,,3
36.72157976,-5.1112322,,,3
35.67923856,-5.52409864,,,3
36.18190235,-5.10254352,,,3
35.48921527,-4.93548067,,,3
35.66617967,-4.65642019,,,3
35.47771932,-4.32375014,,,3
34.94553817,-4.34491013,,,3
36.62085447,-4.272211,,,3
36.23310008,-5.40966531,,,3
35.45072644,-5.16850632,,,3
36.50254792,-3.78186082,,,3
35.6508336,-4.14896664,,,3
36.82509004,-4.61670623,,,3
35.71599128,-4.43681757,,,3
36.67965311,-4.83489639,,,3
35.85586847,-4.30273803,,,3
35.13517806,-3.84934327,,,3
36.3736638,-5.28727803,,,3
35.46662457,-3.76283981,,,3
36.40870875,-5.26376694,,,3
34.92575047,-4.81260362,,,3
35.10843317,-4.2098387,,,3
36.56525914,-5.2739107,,,3
36.53725294,-3.78676675,,,3
36.86846639,-4.47663025,,,3
36.29483061,-4.62597322,,,3
35.61334726,-3.98145438,,,3
35.97625961,-3.69818525,,,3
35.8531881,-4.3612965,,,3
36.10722202,-3.5800291,,,3
36.8891472,-4.21725104,,,3
36.33129678,-4.7438448,,,3
36.4919005,-4.95595031,,,3
36.52537162,-4.65935829,,,3
36.80313969,-4.97169789,,,3
36.62068677,-4.94492895,,,3
36.52630008,-3.73014387,,,3
35.36893889,-4.031825,,,3
35.56918842,-4.11969219,,,3
34.92769907,-4.58525548,,,3
36.65596619,-3.65527447,,,3
36.49380866,-4.49593538,,,3
37.11726643,-4.51129506,,,3
35.93147845,-3.85207167,,,3
36.32409774,-4.14529003,,,3
